#Layer_Color=16711935
#
#Feature symbol names
#
$0 r1.9685
$1 r2
$2 r3.937

#
#Feature attribute names
#

#
#Layer features
#
A 0.9723937 1.0232913 0.9723937 1.0232913 0.9527087 1.0232913 2 P 0 N
A 1.5816772 0.8427245 1.5816772 0.8427245 1.576756 0.8427245 0 P 0 N
A 1.7867284 1.1237323 1.7867284 1.1237323 1.7770001 1.1237323 1 P 0 N
L 0.0566595 1.1385594 0.0566595 1.1582434 0 P 0
L 0.0566595 1.1385594 0.0960295 1.1385594 0 P 0
L 0.0566595 1.1582434 0.0960295 1.1582434 0 P 0
L 0.0895039 1.0455748 0.0895039 1.070378 0 P 0
L 0.0895039 1.0455748 0.1024961 1.0455748 0 P 0
L 0.0895039 1.070378 0.1024961 1.070378 0 P 0
L 0.0960295 1.1385594 0.0960295 1.1582434 0 P 0
L 0.1024961 1.0455748 0.1024961 1.070378 0 P 0
L 0.1195984 1.0634803 0.1195984 1.0764724 0 P 0
L 0.1195984 1.0634803 0.1444016 1.0634803 0 P 0
L 0.1195984 1.0764724 0.1444016 1.0764724 0 P 0
L 0.1444016 1.0634803 0.1444016 1.0764724 0 P 0
L 0.1635039 1.0465748 0.1635039 1.071378 0 P 0
L 0.1635039 1.0465748 0.1764961 1.0465748 0 P 0
L 0.1635039 1.071378 0.1764961 1.071378 0 P 0
L 0.1764961 1.0465748 0.1764961 1.071378 0 P 0
L 0.5231882 1.5153454 0.5231882 1.5586534 0 P 0
L 0.5231882 1.5153454 0.5468102 1.5153454 0 P 0
L 0.5231882 1.5586534 0.5468102 1.5586534 0 P 0
L 0.5261996 1.8101732 0.5261996 1.8987556 0 P 0
L 0.5261996 1.8101732 0.675806 1.8101732 0 P 0
L 0.5261996 1.8987556 0.675806 1.8987556 0 P 0
L 0.5468102 1.5153454 0.5468102 1.5586534 0 P 0
L 0.5885039 1.5235984 0.5885039 1.5484016 0 P 0
L 0.5885039 1.5235984 0.601496 1.5235984 0 P 0
L 0.5885039 1.5484016 0.601496 1.5484016 0 P 0
L 0.601496 1.5235984 0.601496 1.5484016 0 P 0
L 0.6200837 1.5740827 0.6200837 1.6315427 0 P 0
L 0.6200837 1.5740827 0.6779177 1.5740827 0 P 0
L 0.6200837 1.6315427 0.6779177 1.6315427 0 P 0
L 0.6475984 1.1215039 0.6475984 1.1344961 0 P 0
L 0.6475984 1.1215039 0.6724016 1.1215039 0 P 0
L 0.6475984 1.1344961 0.6724016 1.1344961 0 P 0
L 0.6595984 1.2055039 0.6595984 1.2184961 0 P 0
L 0.6595984 1.2055039 0.6844016 1.2055039 0 P 0
L 0.6595984 1.2184961 0.6844016 1.2184961 0 P 0
L 0.6724016 1.1215039 0.6724016 1.1344961 0 P 0
L 0.675806 1.8101732 0.675806 1.8987556 0 P 0
L 0.6779177 1.5740827 0.6779177 1.6315427 0 P 0
L 0.6844016 1.2055039 0.6844016 1.2184961 0 P 0
L 0.7081882 1.5303454 0.7081882 1.5736534 0 P 0
L 0.7081882 1.5303454 0.7318102 1.5303454 0 P 0
L 0.7081882 1.5736534 0.7318102 1.5736534 0 P 0
L 0.7135039 0.9755984 0.7135039 1.0004016 0 P 0
L 0.7135039 0.9755984 0.7264961 0.9755984 0 P 0
L 0.7135039 1.0004016 0.7264961 1.0004016 0 P 0
L 0.7264961 0.9755984 0.7264961 1.0004016 0 P 0
L 0.7318102 1.5303454 0.7318102 1.5736534 0 P 0
L 0.7538898 0.9858898 0.7538898 1.2221102 2 P 0
L 0.7538898 0.9858898 0.9901102 0.9858898 2 P 0
L 0.7538898 1.2221102 0.9901102 1.2221102 2 P 0
L 0.7605039 0.8265984 0.7605039 0.8514016 0 P 0
L 0.7605039 0.8265984 0.7734961 0.8265984 0 P 0
L 0.7605039 0.8514016 0.7734961 0.8514016 0 P 0
L 0.7734961 0.8265984 0.7734961 0.8514016 0 P 0
L 0.7811882 1.5293454 0.7811882 1.5726534 0 P 0
L 0.7811882 1.5293454 0.8048102 1.5293454 0 P 0
L 0.7811882 1.5726534 0.8048102 1.5726534 0 P 0
L 0.8048102 1.5293454 0.8048102 1.5726534 0 P 0
L 0.8056614 0.8055354 0.8056614 0.8724646 0 P 0
L 0.8056614 0.8055354 0.8883386 0.8055354 0 P 0
L 0.8056614 0.8724646 0.8883386 0.8724646 0 P 0
L 0.8145984 0.9225039 0.8145984 0.9354961 0 P 0
L 0.8145984 0.9225039 0.8394016 0.9225039 0 P 0
L 0.8145984 0.9354961 0.8394016 0.9354961 0 P 0
L 0.8394016 0.9225039 0.8394016 0.9354961 0 P 0
L 0.8655039 1.2975984 0.8655039 1.3224016 0 P 0
L 0.8655039 1.2975984 0.878496 1.2975984 0 P 0
L 0.8655039 1.3224016 0.878496 1.3224016 0 P 0
L 0.878496 1.2975984 0.878496 1.3224016 0 P 0
L 0.8883386 0.8055354 0.8883386 0.8724646 0 P 0
L 0.8905039 1.2975984 0.8905039 1.3224016 0 P 0
L 0.8905039 1.2975984 0.903496 1.2975984 0 P 0
L 0.8905039 1.3224016 0.903496 1.3224016 0 P 0
L 0.903496 1.2975984 0.903496 1.3224016 0 P 0
L 0.9125039 0.8195984 0.9125039 0.8444016 0 P 0
L 0.9125039 0.8195984 0.9254961 0.8195984 0 P 0
L 0.9125039 0.8444016 0.9254961 0.8444016 0 P 0
L 0.9254961 0.8195984 0.9254961 0.8444016 0 P 0
L 0.9901102 0.9858898 0.9901102 1.2221102 2 P 0
L 1.0185039 1.2005984 1.0185039 1.2254016 0 P 0
L 1.0185039 1.2005984 1.0314961 1.2005984 0 P 0
L 1.0185039 1.2254016 1.0314961 1.2254016 0 P 0
L 1.0305039 0.9715984 1.0305039 0.9964016 0 P 0
L 1.0305039 0.9715984 1.0434961 0.9715984 0 P 0
L 1.0305039 0.9964016 1.0434961 0.9964016 0 P 0
L 1.0314961 1.2005984 1.0314961 1.2254016 0 P 0
L 1.0364095 0.8242835 1.0364095 0.8597166 0 P 0
L 1.0364095 0.8242835 1.0875906 0.8242835 0 P 0
L 1.0364095 0.8597166 1.0875906 0.8597166 0 P 0
L 1.0434961 0.9715984 1.0434961 0.9964016 0 P 0
L 1.0875906 0.8242835 1.0875906 0.8597166 0 P 0
L 1.1052913 1.2974409 1.1052913 1.3222441 0 P 0
L 1.1052913 1.2974409 1.1182834 1.2974409 0 P 0
L 1.1052913 1.3222441 1.1182834 1.3222441 0 P 0
L 1.1055039 0.8305984 1.1055039 0.8554016 0 P 0
L 1.1055039 0.8305984 1.118496 0.8305984 0 P 0
L 1.1055039 0.8554016 1.118496 0.8554016 0 P 0
L 1.1182834 1.2974409 1.1182834 1.3222441 0 P 0
L 1.118496 0.8305984 1.118496 0.8554016 0 P 0
L 1.1512913 1.2984409 1.1512913 1.3232441 0 P 0
L 1.1512913 1.2984409 1.1642835 1.2984409 0 P 0
L 1.1512913 1.3232441 1.1642835 1.3232441 0 P 0
L 1.1533386 1.4141418 1.1533386 1.4515433 2 P 0
L 1.1533386 1.4141418 1.2222362 1.4141418 2 P 0
L 1.1533386 1.4515433 1.2222362 1.4515433 2 P 0
L 1.1642835 1.2984409 1.1642835 1.3232441 0 P 0
L 1.1753858 1.3513464 1.1753858 1.3643386 0 P 0
L 1.1753858 1.3513464 1.200189 1.3513464 0 P 0
L 1.1753858 1.3643386 1.200189 1.3643386 0 P 0
L 1.1753858 1.3783464 1.1753858 1.3913386 0 P 0
L 1.1753858 1.3783464 1.200189 1.3783464 0 P 0
L 1.1753858 1.3913386 1.200189 1.3913386 0 P 0
L 1.1982913 1.2974409 1.1982913 1.3222441 0 P 0
L 1.1982913 1.2974409 1.2112835 1.2974409 0 P 0
L 1.1982913 1.3222441 1.2112835 1.3222441 0 P 0
L 1.200189 1.3513464 1.200189 1.3643386 0 P 0
L 1.200189 1.3783464 1.200189 1.3913386 0 P 0
L 1.2112835 1.2974409 1.2112835 1.3222441 0 P 0
L 1.2222362 1.4141418 1.2222362 1.4515433 2 P 0
L 1.231748 1.2488031 1.231748 1.3688819 0 P 0
L 1.231748 1.2488031 1.3518268 1.2488031 0 P 0
L 1.231748 1.3688819 1.3518268 1.3688819 0 P 0
L 1.2605984 1.4165039 1.2605984 1.4294961 0 P 0
L 1.2605984 1.4165039 1.2854016 1.4165039 0 P 0
L 1.2605984 1.4294961 1.2854016 1.4294961 0 P 0
L 1.2854016 1.4165039 1.2854016 1.4294961 0 P 0
L 1.3155039 1.3955984 1.3155039 1.4204016 0 P 0
L 1.3155039 1.3955984 1.328496 1.3955984 0 P 0
L 1.3155039 1.4204016 1.328496 1.4204016 0 P 0
L 1.3244803 1.0576929 1.3244803 1.1639921 0 P 0
L 1.3244803 1.0576929 1.4110945 1.0576929 0 P 0
L 1.3244803 1.1639921 1.4110945 1.1639921 0 P 0
L 1.328496 1.3955984 1.328496 1.4204016 0 P 0
L 1.3518268 1.2488031 1.3518268 1.3688819 0 P 0
L 1.3921883 0.6255738 1.3921883 0.6688818 0 P 0
L 1.3921883 0.6255738 1.4158103 0.6255738 0 P 0
L 1.3921883 0.6688818 1.4158103 0.6688818 0 P 0
L 1.4110945 1.0576929 1.4110945 1.1639921 0 P 0
L 1.4158103 0.6255738 1.4158103 0.6688818 0 P 0
L 1.4343543 1.1647559 1.4343543 1.2789291 0 P 0
L 1.4343543 1.1647559 1.5052205 1.1647559 0 P 0
L 1.4343543 1.2789291 1.5052205 1.2789291 0 P 0
L 1.4351883 0.6255738 1.4351883 0.6688818 0 P 0
L 1.4351883 0.6255738 1.4588103 0.6255738 0 P 0
L 1.4351883 0.6688818 1.4588103 0.6688818 0 P 0
L 1.4588103 0.6255738 1.4588103 0.6688818 0 P 0
L 1.4725041 0.7378268 1.4725041 0.76263 0 P 0
L 1.4725041 0.7378268 1.4854962 0.7378268 0 P 0
L 1.4725041 0.76263 1.4854962 0.76263 0 P 0
L 1.4854962 0.7378268 1.4854962 0.76263 0 P 0
L 1.5052205 1.1647559 1.5052205 1.2789291 0 P 0
L 1.5175671 0.6345434 1.5175671 0.6739135 0 P 0
L 1.5175671 0.6345434 1.5884332 0.6345434 0 P 0
L 1.5175671 0.6739135 1.5884332 0.6739135 0 P 0
L 1.5245985 0.6077323 1.5245985 0.6207244 0 P 0
L 1.5245985 0.6077323 1.5494017 0.6077323 0 P 0
L 1.5245985 0.6207244 1.5494017 0.6207244 0 P 0
L 1.5245985 0.6867323 1.5245985 0.6997245 0 P 0
L 1.5245985 0.6867323 1.5494017 0.6867323 0 P 0
L 1.5245985 0.6997245 1.5494017 0.6997245 0 P 0
L 1.525504 0.7370158 1.525504 0.761819 0 P 0
L 1.525504 0.7370158 1.5384961 0.7370158 0 P 0
L 1.525504 0.761819 1.5384961 0.761819 0 P 0
L 1.534504 0.8368268 1.534504 0.86163 0 P 0
L 1.534504 0.8368268 1.5474961 0.8368268 0 P 0
L 1.534504 0.86163 1.5474961 0.86163 0 P 0
L 1.5352992 1.2125512 1.5352992 1.2814488 2 P 0
L 1.5352992 1.2125512 1.5727007 1.2125512 2 P 0
L 1.5352992 1.2814488 1.5727007 1.2814488 2 P 0
L 1.5384961 0.7370158 1.5384961 0.761819 0 P 0
L 1.543504 0.5598268 1.543504 0.58463 0 P 0
L 1.543504 0.5598268 1.5564961 0.5598268 0 P 0
L 1.543504 0.58463 1.5564961 0.58463 0 P 0
L 1.5474961 0.8368268 1.5474961 0.86163 0 P 0
L 1.5494017 0.6077323 1.5494017 0.6207244 0 P 0
L 1.5494017 0.6867323 1.5494017 0.6997245 0 P 0
L 1.5564961 0.5598268 1.5564961 0.58463 0 P 0
L 1.5669135 0.7698898 1.5669135 0.852567 0 P 0
L 1.5669135 0.7698898 1.6495907 0.7698898 0 P 0
L 1.5669135 0.852567 1.6495907 0.852567 0 P 0
L 1.5727007 1.2125512 1.5727007 1.2814488 2 P 0
L 1.5884332 0.6345434 1.5884332 0.6739135 0 P 0
L 1.6001882 1.2253454 1.6001882 1.2686534 0 P 0
L 1.6001882 1.2253454 1.6238102 1.2253454 0 P 0
L 1.6001882 1.2686534 1.6238102 1.2686534 0 P 0
L 1.6238102 1.2253454 1.6238102 1.2686534 0 P 0
L 1.6431883 0.5560777 1.6431883 0.5993857 0 P 0
L 1.6431883 0.5560777 1.6668103 0.5560777 0 P 0
L 1.6431883 0.5993857 1.6668103 0.5993857 0 P 0
L 1.6451882 1.2253454 1.6451882 1.2686534 0 P 0
L 1.6451882 1.2253454 1.6688102 1.2253454 0 P 0
L 1.6451882 1.2686534 1.6688102 1.2686534 0 P 0
L 1.6495907 0.7698898 1.6495907 0.852567 0 P 0
L 1.6668103 0.5560777 1.6668103 0.5993857 0 P 0
L 1.6688102 1.2253454 1.6688102 1.2686534 0 P 0
L 1.6791883 0.6745738 1.6791883 0.7178818 0 P 0
L 1.6791883 0.6745738 1.7028103 0.6745738 0 P 0
L 1.6791883 0.7178818 1.7028103 0.7178818 0 P 0
L 1.682504 0.7526378 1.682504 0.777441 0 P 0
L 1.682504 0.7526378 1.6954961 0.7526378 0 P 0
L 1.682504 0.777441 1.6954961 0.777441 0 P 0
L 1.6954961 0.7526378 1.6954961 0.777441 0 P 0
L 1.7001883 1.0370777 1.7001883 1.0803857 0 P 0
L 1.7001883 1.0370777 1.7238103 1.0370777 0 P 0
L 1.7001883 1.0803857 1.7238103 1.0803857 0 P 0
L 1.7028103 0.6745738 1.7028103 0.7178818 0 P 0
L 1.7091883 0.5560777 1.7091883 0.5993857 0 P 0
L 1.7091883 0.5560777 1.7328103 0.5560777 0 P 0
L 1.7091883 0.5993857 1.7328103 0.5993857 0 P 0
L 1.7238103 1.0370777 1.7238103 1.0803857 0 P 0
L 1.7328103 0.5560777 1.7328103 0.5993857 0 P 0
L 1.7612914 0.9780236 1.7612914 1.139441 1 P 0
L 1.7612914 0.9780236 1.9227088 0.9780236 1 P 0
L 1.7612914 1.139441 1.9227088 1.139441 1 P 0
L 1.772567 0.6955434 1.772567 0.7349134 0 P 0
L 1.772567 0.6955434 1.8434332 0.6955434 0 P 0
L 1.772567 0.7349134 1.8434332 0.7349134 0 P 0
L 1.7785039 0.5665984 1.7785039 0.5914016 0 P 0
L 1.7785039 0.5665984 1.791496 0.5665984 0 P 0
L 1.7785039 0.5914016 1.791496 0.5914016 0 P 0
L 1.791496 0.5665984 1.791496 0.5914016 0 P 0
L 1.8303455 1.1769221 1.8303455 1.2005441 0 P 0
L 1.8303455 1.1769221 1.8736535 1.1769221 0 P 0
L 1.8303455 1.2005441 1.8736535 1.2005441 0 P 0
L 1.8434332 0.6955434 1.8434332 0.7349134 0 P 0
L 1.8736535 1.1769221 1.8736535 1.2005441 0 P 0
L 1.8761883 0.6755738 1.8761883 0.7188818 0 P 0
L 1.8761883 0.6755738 1.8998103 0.6755738 0 P 0
L 1.8761883 0.7188818 1.8998103 0.7188818 0 P 0
L 1.8998103 0.6755738 1.8998103 0.7188818 0 P 0
L 1.9015041 0.4501417 1.9015041 0.4749449 0 P 0
L 1.9015041 0.4501417 1.9144962 0.4501417 0 P 0
L 1.9015041 0.4749449 1.9144962 0.4749449 0 P 0
L 1.9144962 0.4501417 1.9144962 0.4749449 0 P 0
L 1.9227088 0.9780236 1.9227088 1.139441 1 P 0
L 1.9236611 1.3443381 1.9236622 1.2616612 0 P 0
L 1.9236611 1.3443381 2.006338 1.3443393 0 P 0
L 1.9236611 1.5743381 1.9236622 1.4916612 0 P 0
L 1.9236611 1.5743381 2.006338 1.5743393 0 P 0
L 1.9236622 1.2616612 2.0063392 1.2616624 0 P 0
L 1.9236622 1.4916612 2.0063392 1.4916624 0 P 0
L 1.924693 0.5341575 1.924693 0.5873071 0 P 0
L 1.924693 0.5341575 2.0113071 0.5341575 0 P 0
L 1.924693 0.5873071 2.0113071 0.5873071 0 P 0
L 1.9501261 0.4199043 1.9501261 0.4809283 0 P 0
L 1.9501261 0.4199043 2.0111481 0.4199043 0 P 0
L 1.9501261 0.4809283 2.0111481 0.4809283 0 P 0
L 1.9651899 1.0870789 1.9651899 1.1303869 0 P 0
L 1.9651899 1.0870789 1.9888119 1.0870789 0 P 0
L 1.9651899 1.1303869 1.9888119 1.1303869 0 P 0
L 1.9655985 0.3842362 1.9655985 0.3972283 0 P 0
L 1.9655985 0.3842362 1.9904017 0.3842362 0 P 0
L 1.9655985 0.3972283 1.9904017 0.3972283 0 P 0
L 1.9685355 0.8100315 1.9685355 0.8474331 0 P 0
L 1.9685355 0.8100315 2.0354647 0.8100315 0 P 0
L 1.9685355 0.8474331 2.0354647 0.8474331 0 P 0
L 1.9685355 0.8650315 1.9685355 0.9024331 0 P 0
L 1.9685355 0.8650315 2.0354647 0.8650315 0 P 0
L 1.9685355 0.9024331 2.0354647 0.9024331 0 P 0
L 1.9803467 0.9569205 1.9803467 0.9805425 0 P 0
L 1.9803467 0.9569205 2.0236547 0.9569205 0 P 0
L 1.9803467 0.9805425 2.0236547 0.9805425 0 P 0
L 1.9888119 1.0870789 1.9888119 1.1303869 0 P 0
L 1.9904017 0.3842362 1.9904017 0.3972283 0 P 0
L 2.006338 1.3443393 2.0063392 1.2616624 0 P 0
L 2.006338 1.5743393 2.0063392 1.4916624 0 P 0
L 2.0111481 0.4199043 2.0111481 0.4809283 0 P 0
L 2.0113071 0.5341575 2.0113071 0.5873071 0 P 0
L 2.0151899 1.0870789 2.0151899 1.1303869 0 P 0
L 2.0151899 1.0870789 2.0388119 1.0870789 0 P 0
L 2.0151899 1.1303869 2.0388119 1.1303869 0 P 0
L 2.0236547 0.9569205 2.0236547 0.9805425 0 P 0
L 2.0354647 0.8100315 2.0354647 0.8474331 0 P 0
L 2.0354647 0.8650315 2.0354647 0.9024331 0 P 0
L 2.0365041 0.4951417 2.0365041 0.5199449 0 P 0
L 2.0365041 0.4951417 2.0494962 0.4951417 0 P 0
L 2.0365041 0.5199449 2.0494962 0.5199449 0 P 0
L 2.0388119 1.0870789 2.0388119 1.1303869 0 P 0
L 2.0494962 0.4951417 2.0494962 0.5199449 0 P 0
L 2.0755985 0.4192362 2.0755985 0.4322284 0 P 0
L 2.0755985 0.4192362 2.1004017 0.4192362 0 P 0
L 2.0755985 0.4322284 2.1004017 0.4322284 0 P 0
L 2.0755985 0.4492363 2.0755985 0.4622284 0 P 0
L 2.0755985 0.4492363 2.1004017 0.4492363 0 P 0
L 2.0755985 0.4622284 2.1004017 0.4622284 0 P 0
L 2.0853466 1.0769213 2.0853466 1.1005433 0 P 0
L 2.0853466 1.0769213 2.1286537 1.0769213 0 P 0
L 2.0853466 1.1005433 2.1286537 1.1005433 0 P 0
L 2.1004017 0.4192362 2.1004017 0.4322284 0 P 0
L 2.1004017 0.4492363 2.1004017 0.4622284 0 P 0
L 2.1236611 1.5753381 2.1236622 1.4926612 0 P 0
L 2.1236611 1.5753381 2.206338 1.5753393 0 P 0
L 2.1236622 1.4926612 2.2063392 1.4926624 0 P 0
L 2.1248497 0.7610945 2.1248498 1.05637 2 P 0
L 2.1248497 0.7610945 2.3266458 0.7610945 2 P 0
L 2.1248498 1.05637 2.3266456 1.0563701 2 P 0
L 2.1286537 1.0769213 2.1286537 1.1005433 0 P 0
L 2.1286611 1.3443381 2.1286622 1.2616612 0 P 0
L 2.1286611 1.3443381 2.211338 1.3443393 0 P 0
L 2.1286622 1.2616612 2.2113392 1.2616624 0 P 0
L 2.1571733 0.3659263 2.1571733 0.5155327 0 P 0
L 2.1571733 0.3659263 2.2457557 0.3659263 0 P 0
L 2.1571733 0.5155327 2.2457557 0.5155327 0 P 0
L 2.206338 1.5753393 2.2063392 1.4926624 0 P 0
L 2.211338 1.3443393 2.2113392 1.2616624 0 P 0
L 2.2457557 0.3659263 2.2457557 0.5155327 0 P 0
L 2.3266456 1.0563701 2.3266458 0.7610945 2 P 0
