#Layer_Color=16711935
#
#Feature symbol names
#
$0 r3.937
$1 r2
$2 r1.9685

#
#Feature attribute names
#

#
#Layer features
#
A 1.0893937 1.2732913 1.0893937 1.2732913 1.0697087 1.2732913 0 P 0 N
A 2.2827284 1.3577323 2.2827284 1.3577323 2.2730001 1.3577323 1 P 0 N
L 0.0666595 1.3885594 0.0666595 1.4082434 2 P 0
L 0.0666595 1.3885594 0.1060295 1.3885594 2 P 0
L 0.0666595 1.4082434 0.1060295 1.4082434 2 P 0
L 0.0995039 1.2955748 0.0995039 1.320378 2 P 0
L 0.0995039 1.2955748 0.1124961 1.2955748 2 P 0
L 0.0995039 1.320378 0.1124961 1.320378 2 P 0
L 0.1060295 1.3885594 0.1060295 1.4082434 2 P 0
L 0.1124961 1.2955748 0.1124961 1.320378 2 P 0
L 0.1295984 1.3134803 0.1295984 1.3264724 2 P 0
L 0.1295984 1.3134803 0.1544016 1.3134803 2 P 0
L 0.1295984 1.3264724 0.1544016 1.3264724 2 P 0
L 0.1544016 1.3134803 0.1544016 1.3264724 2 P 0
L 0.1735039 1.2965748 0.1735039 1.321378 2 P 0
L 0.1735039 1.2965748 0.1864961 1.2965748 2 P 0
L 0.1735039 1.321378 0.1864961 1.321378 2 P 0
L 0.1864961 1.2965748 0.1864961 1.321378 2 P 0
L 0.57 1.972 0.57 2.205 2 P 0
L 0.57 1.972 0.872 1.972 2 P 0
L 0.57 2.205 0.57 2.229 2 P 0
L 0.57 2.229 0.577 2.229 2 P 0
L 0.577 2.229 0.755 2.229 2 P 0
L 0.6401882 1.7653454 0.6401882 1.8086534 2 P 0
L 0.6401882 1.7653454 0.6638102 1.7653454 2 P 0
L 0.6401882 1.8086534 0.6638102 1.8086534 2 P 0
L 0.6638102 1.7653454 0.6638102 1.8086534 2 P 0
L 0.7055039 1.7735984 0.7055039 1.7984016 2 P 0
L 0.7055039 1.7735984 0.718496 1.7735984 2 P 0
L 0.7055039 1.7984016 0.718496 1.7984016 2 P 0
L 0.718496 1.7735984 0.718496 1.7984016 2 P 0
L 0.7370837 1.8240827 0.7370837 1.8815427 2 P 0
L 0.7370837 1.8240827 0.7949177 1.8240827 2 P 0
L 0.7370837 1.8815427 0.7949177 1.8815427 2 P 0
L 0.755 2.229 0.863 2.229 2 P 0
L 0.7645984 1.3715039 0.7645984 1.3844961 2 P 0
L 0.7645984 1.3715039 0.7894016 1.3715039 2 P 0
L 0.7645984 1.3844961 0.7894016 1.3844961 2 P 0
L 0.7765984 1.4555039 0.7765984 1.4684961 2 P 0
L 0.7765984 1.4555039 0.8014016 1.4555039 2 P 0
L 0.7765984 1.4684961 0.8014016 1.4684961 2 P 0
L 0.7894016 1.3715039 0.7894016 1.3844961 2 P 0
L 0.7949177 1.8240827 0.7949177 1.8815427 2 P 0
L 0.8014016 1.4555039 0.8014016 1.4684961 2 P 0
L 0.8251882 1.7803454 0.8251882 1.8236534 2 P 0
L 0.8251882 1.7803454 0.8488102 1.7803454 2 P 0
L 0.8251882 1.8236534 0.8488102 1.8236534 2 P 0
L 0.8305039 1.2255984 0.8305039 1.2504016 2 P 0
L 0.8305039 1.2255984 0.8434961 1.2255984 2 P 0
L 0.8305039 1.2504016 0.8434961 1.2504016 2 P 0
L 0.8434961 1.2255984 0.8434961 1.2504016 2 P 0
L 0.8488102 1.7803454 0.8488102 1.8236534 2 P 0
L 0.863 2.229 0.872 2.229 2 P 0
L 0.8708898 1.2358898 0.8708898 1.4721102 0 P 0
L 0.8708898 1.2358898 1.1071102 1.2358898 0 P 0
L 0.8708898 1.4721102 1.1071102 1.4721102 0 P 0
L 0.872 1.972 0.872 2.213 2 P 0
L 0.872 2.213 0.872 2.229 2 P 0
L 0.8775039 1.0765984 0.8775039 1.1014016 2 P 0
L 0.8775039 1.0765984 0.8904961 1.0765984 2 P 0
L 0.8775039 1.1014016 0.8904961 1.1014016 2 P 0
L 0.8904961 1.0765984 0.8904961 1.1014016 2 P 0
L 0.8981882 1.7793454 0.8981882 1.8226534 2 P 0
L 0.8981882 1.7793454 0.9218102 1.7793454 2 P 0
L 0.8981882 1.8226534 0.9218102 1.8226534 2 P 0
L 0.9218102 1.7793454 0.9218102 1.8226534 2 P 0
L 0.9226614 1.0555354 0.9226614 1.1224646 2 P 0
L 0.9226614 1.0555354 1.0053386 1.0555354 2 P 0
L 0.9226614 1.1224646 1.0053386 1.1224646 2 P 0
L 0.9315984 1.1725039 0.9315984 1.1854961 2 P 0
L 0.9315984 1.1725039 0.9564016 1.1725039 2 P 0
L 0.9315984 1.1854961 0.9564016 1.1854961 2 P 0
L 0.9564016 1.1725039 0.9564016 1.1854961 2 P 0
L 0.9825039 1.5475984 0.9825039 1.5724016 2 P 0
L 0.9825039 1.5475984 0.995496 1.5475984 2 P 0
L 0.9825039 1.5724016 0.995496 1.5724016 2 P 0
L 0.995496 1.5475984 0.995496 1.5724016 2 P 0
L 1.0053386 1.0555354 1.0053386 1.1224646 2 P 0
L 1.0075039 1.5475984 1.0075039 1.5724016 2 P 0
L 1.0075039 1.5475984 1.020496 1.5475984 2 P 0
L 1.0075039 1.5724016 1.020496 1.5724016 2 P 0
L 1.020496 1.5475984 1.020496 1.5724016 2 P 0
L 1.0295039 1.0695984 1.0295039 1.0944016 2 P 0
L 1.0295039 1.0695984 1.0424961 1.0695984 2 P 0
L 1.0295039 1.0944016 1.0424961 1.0944016 2 P 0
L 1.0424961 1.0695984 1.0424961 1.0944016 2 P 0
L 1.1071102 1.2358898 1.1071102 1.4721102 0 P 0
L 1.1355039 1.4505984 1.1355039 1.4754016 2 P 0
L 1.1355039 1.4505984 1.1484961 1.4505984 2 P 0
L 1.1355039 1.4754016 1.1484961 1.4754016 2 P 0
L 1.1475039 1.2215984 1.1475039 1.2464016 2 P 0
L 1.1475039 1.2215984 1.1604961 1.2215984 2 P 0
L 1.1475039 1.2464016 1.1604961 1.2464016 2 P 0
L 1.1484961 1.4505984 1.1484961 1.4754016 2 P 0
L 1.1534095 1.0742835 1.1534095 1.1097166 2 P 0
L 1.1534095 1.0742835 1.2045906 1.0742835 2 P 0
L 1.1534095 1.1097166 1.2045906 1.1097166 2 P 0
L 1.1604961 1.2215984 1.1604961 1.2464016 2 P 0
L 1.2045906 1.0742835 1.2045906 1.1097166 2 P 0
L 1.2222913 1.5474409 1.2222913 1.5722441 2 P 0
L 1.2222913 1.5474409 1.2352834 1.5474409 2 P 0
L 1.2222913 1.5722441 1.2352834 1.5722441 2 P 0
L 1.2225039 1.0805984 1.2225039 1.1054016 2 P 0
L 1.2225039 1.0805984 1.235496 1.0805984 2 P 0
L 1.2225039 1.1054016 1.235496 1.1054016 2 P 0
L 1.2352834 1.5474409 1.2352834 1.5722441 2 P 0
L 1.235496 1.0805984 1.235496 1.1054016 2 P 0
L 1.2682913 1.5484409 1.2682913 1.5732441 2 P 0
L 1.2682913 1.5484409 1.2812835 1.5484409 2 P 0
L 1.2682913 1.5732441 1.2812835 1.5732441 2 P 0
L 1.2703386 1.6641418 1.2703386 1.7015433 0 P 0
L 1.2703386 1.6641418 1.3392362 1.6641418 0 P 0
L 1.2703386 1.7015433 1.3392362 1.7015433 0 P 0
L 1.2812835 1.5484409 1.2812835 1.5732441 2 P 0
L 1.2923858 1.6013464 1.2923858 1.6143386 2 P 0
L 1.2923858 1.6013464 1.317189 1.6013464 2 P 0
L 1.2923858 1.6143386 1.317189 1.6143386 2 P 0
L 1.2923858 1.6283464 1.2923858 1.6413386 2 P 0
L 1.2923858 1.6283464 1.317189 1.6283464 2 P 0
L 1.2923858 1.6413386 1.317189 1.6413386 2 P 0
L 1.3152913 1.5474409 1.3152913 1.5722441 2 P 0
L 1.3152913 1.5474409 1.3282835 1.5474409 2 P 0
L 1.3152913 1.5722441 1.3282835 1.5722441 2 P 0
L 1.317189 1.6013464 1.317189 1.6143386 2 P 0
L 1.317189 1.6283464 1.317189 1.6413386 2 P 0
L 1.3282835 1.5474409 1.3282835 1.5722441 2 P 0
L 1.3392362 1.6641418 1.3392362 1.7015433 0 P 0
L 1.348748 1.4988031 1.348748 1.6188819 2 P 0
L 1.348748 1.4988031 1.4688268 1.4988031 2 P 0
L 1.348748 1.6188819 1.4688268 1.6188819 2 P 0
L 1.3775984 1.6665039 1.3775984 1.6794961 2 P 0
L 1.3775984 1.6665039 1.4024016 1.6665039 2 P 0
L 1.3775984 1.6794961 1.4024016 1.6794961 2 P 0
L 1.4024016 1.6665039 1.4024016 1.6794961 2 P 0
L 1.4325039 1.6455984 1.4325039 1.6704016 2 P 0
L 1.4325039 1.6455984 1.445496 1.6455984 2 P 0
L 1.4325039 1.6704016 1.445496 1.6704016 2 P 0
L 1.4414803 1.3076929 1.4414803 1.4139921 2 P 0
L 1.4414803 1.3076929 1.5280945 1.3076929 2 P 0
L 1.4414803 1.4139921 1.5280945 1.4139921 2 P 0
L 1.445496 1.6455984 1.445496 1.6704016 2 P 0
L 1.4688268 1.4988031 1.4688268 1.6188819 2 P 0
L 1.5280945 1.3076929 1.5280945 1.4139921 2 P 0
L 1.5513543 1.4147559 1.5513543 1.5289291 2 P 0
L 1.5513543 1.4147559 1.6222205 1.4147559 2 P 0
L 1.5513543 1.5289291 1.6222205 1.5289291 2 P 0
L 1.6222205 1.4147559 1.6222205 1.5289291 2 P 0
L 1.6522992 1.4625512 1.6522992 1.5314488 0 P 0
L 1.6522992 1.4625512 1.6897007 1.4625512 0 P 0
L 1.6522992 1.5314488 1.6897007 1.5314488 0 P 0
L 1.6897007 1.4625512 1.6897007 1.5314488 0 P 0
L 1.7171882 1.4753454 1.7171882 1.5186534 2 P 0
L 1.7171882 1.4753454 1.7408102 1.4753454 2 P 0
L 1.7171882 1.5186534 1.7408102 1.5186534 2 P 0
L 1.7408102 1.4753454 1.7408102 1.5186534 2 P 0
L 1.7611882 0.7783454 1.7611882 0.8216534 2 P 0
L 1.7611882 0.7783454 1.7848102 0.7783454 2 P 0
L 1.7611882 0.8216534 1.7848102 0.8216534 2 P 0
L 1.7621882 1.4753454 1.7621882 1.5186534 2 P 0
L 1.7621882 1.4753454 1.7858102 1.4753454 2 P 0
L 1.7621882 1.5186534 1.7858102 1.5186534 2 P 0
L 1.7785984 0.9675039 1.7785984 0.980496 2 P 0
L 1.7785984 0.9675039 1.8034016 0.9675039 2 P 0
L 1.7785984 0.980496 1.8034016 0.980496 2 P 0
L 1.7848102 0.7783454 1.7848102 0.8216534 2 P 0
L 1.7858102 1.4753454 1.7858102 1.5186534 2 P 0
L 1.7945984 0.9985039 1.7945984 1.011496 2 P 0
L 1.7945984 0.9985039 1.8194016 0.9985039 2 P 0
L 1.7945984 1.011496 1.8194016 1.011496 2 P 0
L 1.8034016 0.9675039 1.8034016 0.980496 2 P 0
L 1.807315 0.7575669 1.807315 0.8284331 2 P 0
L 1.807315 0.7575669 1.846685 0.7575669 2 P 0
L 1.807315 0.8284331 1.846685 0.8284331 2 P 0
L 1.8194016 0.9985039 1.8194016 1.011496 2 P 0
L 1.8275039 0.9255984 1.8275039 0.9504016 2 P 0
L 1.8275039 0.9255984 1.840496 0.9255984 2 P 0
L 1.8275039 0.9504016 1.840496 0.9504016 2 P 0
L 1.840496 0.9255984 1.840496 0.9504016 2 P 0
L 1.846685 0.7575669 1.846685 0.8284331 2 P 0
L 1.8603103 0.9313038 1.8603103 1.0946897 0 P 0
L 1.8603103 0.9313038 2.0236962 0.9313038 0 P 0
L 1.8603103 1.0946897 2.0236962 1.0946897 0 P 0
L 1.8691882 0.7193454 1.8691882 0.7626534 2 P 0
L 1.8691882 0.7193454 1.8928102 0.7193454 2 P 0
L 1.8691882 0.7626534 1.8928102 0.7626534 2 P 0
L 1.8861882 0.8313454 1.8861882 0.8746534 2 P 0
L 1.8861882 0.8313454 1.9098102 0.8313454 2 P 0
L 1.8861882 0.8746534 1.9098102 0.8746534 2 P 0
L 1.8928102 0.7193454 1.8928102 0.7626534 2 P 0
L 1.9098102 0.8313454 1.9098102 0.8746534 2 P 0
L 1.9511882 0.8303454 1.9511882 0.8736534 2 P 0
L 1.9511882 0.8303454 1.9748102 0.8303454 2 P 0
L 1.9511882 0.8736534 1.9748102 0.8736534 2 P 0
L 1.9748102 0.8303454 1.9748102 0.8736534 2 P 0
L 1.9965984 1.1455039 1.9965984 1.158496 2 P 0
L 1.9965984 1.1455039 2.0214016 1.1455039 2 P 0
L 1.9965984 1.158496 2.0214016 1.158496 2 P 0
L 1.9985669 0.8653149 1.9985669 0.904685 2 P 0
L 1.9985669 0.8653149 2.069433 0.8653149 2 P 0
L 1.9985669 0.904685 2.069433 0.904685 2 P 0
L 2.0214016 1.1455039 2.0214016 1.158496 2 P 0
L 2.0236962 0.9313038 2.0236962 1.0946897 0 P 0
L 2.0406611 1.5943381 2.0406622 1.5116612 2 P 0
L 2.0406611 1.5943381 2.123338 1.5943393 2 P 0
L 2.0406611 1.8243381 2.0406622 1.7416612 2 P 0
L 2.0406611 1.8243381 2.123338 1.8243393 2 P 0
L 2.0406622 1.5116612 2.1233392 1.5116624 2 P 0
L 2.0406622 1.7416612 2.1233392 1.7416624 2 P 0
L 2.0485038 0.99537 2.0485038 1.0201732 2 P 0
L 2.0485038 0.99537 2.0614959 0.99537 2 P 0
L 2.0485038 1.0201732 2.0614959 1.0201732 2 P 0
L 2.048504 1.0845984 2.048504 1.1094016 2 P 0
L 2.048504 1.0845984 2.0614961 1.0845984 2 P 0
L 2.048504 1.1094016 2.0614961 1.1094016 2 P 0
L 2.0535984 0.932504 2.0535984 0.9454961 2 P 0
L 2.0535984 0.932504 2.0784016 0.932504 2 P 0
L 2.0535984 0.9454961 2.0784016 0.9454961 2 P 0
L 2.0535984 0.9575039 2.0535984 0.9704961 2 P 0
L 2.0535984 0.9575039 2.0784016 0.9575039 2 P 0
L 2.0535984 0.9704961 2.0784016 0.9704961 2 P 0
L 2.0614959 0.99537 2.0614959 1.0201732 2 P 0
L 2.0614961 1.0845984 2.0614961 1.1094016 2 P 0
L 2.069433 0.8653149 2.069433 0.904685 2 P 0
L 2.0765039 1.0845984 2.0765039 1.1094016 2 P 0
L 2.0765039 1.0845984 2.0894961 1.0845984 2 P 0
L 2.0765039 1.1094016 2.0894961 1.1094016 2 P 0
L 2.0775039 0.99537 2.0775039 1.0201732 2 P 0
L 2.0775039 0.99537 2.090496 0.99537 2 P 0
L 2.0775039 1.0201732 2.090496 1.0201732 2 P 0
L 2.0784016 0.932504 2.0784016 0.9454961 2 P 0
L 2.0784016 0.9575039 2.0784016 0.9704961 2 P 0
L 2.0894961 1.0845984 2.0894961 1.1094016 2 P 0
L 2.090496 0.99537 2.090496 1.0201732 2 P 0
L 2.123338 1.5943393 2.1233392 1.5116624 2 P 0
L 2.123338 1.8243393 2.1233392 1.7416624 2 P 0
L 2.1321898 1.0863466 2.1321898 1.1296546 2 P 0
L 2.1321898 1.0863466 2.1558118 1.0863466 2 P 0
L 2.1321898 1.1296546 2.1558118 1.1296546 2 P 0
L 2.1558118 1.0863466 2.1558118 1.1296546 2 P 0
L 2.1741883 0.9235738 2.1741883 0.9668818 2 P 0
L 2.1741883 0.9235738 2.1978103 0.9235738 2 P 0
L 2.1741883 0.9668818 2.1978103 0.9668818 2 P 0
L 2.1769135 0.6825511 2.1769135 0.7073543 2 P 0
L 2.1769135 0.6825511 2.1899056 0.6825511 2 P 0
L 2.1769135 0.7073543 2.1899056 0.7073543 2 P 0
L 2.1899056 0.6825511 2.1899056 0.7073543 2 P 0
L 2.1961883 1.2710777 2.1961883 1.3143857 2 P 0
L 2.1961883 1.2710777 2.2198103 1.2710777 2 P 0
L 2.1961883 1.3143857 2.2198103 1.3143857 2 P 0
L 2.1978103 0.9235738 2.1978103 0.9668818 2 P 0
L 2.2001024 0.7665669 2.2001024 0.8197165 2 P 0
L 2.2001024 0.7665669 2.2867165 0.7665669 2 P 0
L 2.2001024 0.8197165 2.2867165 0.8197165 2 P 0
L 2.2198103 1.2710777 2.2198103 1.3143857 2 P 0
L 2.2255355 0.6523137 2.2255355 0.7133377 2 P 0
L 2.2255355 0.6523137 2.2865575 0.6523137 2 P 0
L 2.2255355 0.7133377 2.2865575 0.7133377 2 P 0
L 2.2406611 1.8253381 2.2406622 1.7426612 2 P 0
L 2.2406611 1.8253381 2.323338 1.8253393 2 P 0
L 2.2406622 1.7426612 2.3233392 1.7426624 2 P 0
L 2.2410079 0.6166456 2.2410079 0.6296377 2 P 0
L 2.2410079 0.6166456 2.2658111 0.6166456 2 P 0
L 2.2410079 0.6296377 2.2658111 0.6296377 2 P 0
L 2.2456611 1.5943381 2.2456622 1.5116612 2 P 0
L 2.2456611 1.5943381 2.328338 1.5943393 2 P 0
L 2.2456622 1.5116612 2.3283392 1.5116624 2 P 0
L 2.2572914 1.2120236 2.2572914 1.373441 1 P 0
L 2.2572914 1.2120236 2.4187088 1.2120236 1 P 0
L 2.2572914 1.373441 2.4187088 1.373441 1 P 0
L 2.2658111 0.6166456 2.2658111 0.6296377 2 P 0
L 2.2865575 0.6523137 2.2865575 0.7133377 2 P 0
L 2.2867165 0.7665669 2.2867165 0.8197165 2 P 0
L 2.3119135 0.7275511 2.3119135 0.7523543 2 P 0
L 2.3119135 0.7275511 2.3249056 0.7275511 2 P 0
L 2.3119135 0.7523543 2.3249056 0.7523543 2 P 0
L 2.323338 1.8253393 2.3233392 1.7426624 2 P 0
L 2.3249056 0.7275511 2.3249056 0.7523543 2 P 0
L 2.3263455 1.4109221 2.3263455 1.4345441 2 P 0
L 2.3263455 1.4109221 2.3696535 1.4109221 2 P 0
L 2.3263455 1.4345441 2.3696535 1.4345441 2 P 0
L 2.328338 1.5943393 2.3283392 1.5116624 2 P 0
L 2.3510079 0.6516456 2.3510079 0.6646378 2 P 0
L 2.3510079 0.6516456 2.3758111 0.6516456 2 P 0
L 2.3510079 0.6646378 2.3758111 0.6646378 2 P 0
L 2.3510079 0.6816457 2.3510079 0.6946378 2 P 0
L 2.3510079 0.6816457 2.3758111 0.6816457 2 P 0
L 2.3510079 0.6946378 2.3758111 0.6946378 2 P 0
L 2.3696535 1.4109221 2.3696535 1.4345441 2 P 0
L 2.3758111 0.6516456 2.3758111 0.6646378 2 P 0
L 2.3758111 0.6816457 2.3758111 0.6946378 2 P 0
L 2.4187088 1.2120236 2.4187088 1.373441 1 P 0
L 2.4603466 1.2681882 2.4603466 1.2918102 2 P 0
L 2.4603466 1.2681882 2.5036546 1.2681882 2 P 0
L 2.4603466 1.2918102 2.5036546 1.2918102 2 P 0
L 2.4645355 1.0440315 2.4645355 1.0814331 2 P 0
L 2.4645355 1.0440315 2.5314647 1.0440315 2 P 0
L 2.4645355 1.0814331 2.5314647 1.0814331 2 P 0
L 2.4645355 1.0990315 2.4645355 1.1364331 2 P 0
L 2.4645355 1.0990315 2.5314647 1.0990315 2 P 0
L 2.4645355 1.1364331 2.5314647 1.1364331 2 P 0
L 2.4763467 1.1909205 2.4763467 1.2145425 2 P 0
L 2.4763467 1.1909205 2.5196547 1.1909205 2 P 0
L 2.4763467 1.2145425 2.5196547 1.2145425 2 P 0
L 2.5036546 1.2681882 2.5036546 1.2918102 2 P 0
L 2.507 0.531 2.507 0.833 2 P 0
L 2.507 0.531 2.748 0.531 2 P 0
L 2.507 0.833 2.74 0.833 2 P 0
L 2.5196547 1.1909205 2.5196547 1.2145425 2 P 0
L 2.5314647 1.0440315 2.5314647 1.0814331 2 P 0
L 2.5314647 1.0990315 2.5314647 1.1364331 2 P 0
L 2.5803466 1.3771882 2.5803466 1.4008102 2 P 0
L 2.5803466 1.3771882 2.6236546 1.3771882 2 P 0
L 2.5803466 1.4008102 2.6236546 1.4008102 2 P 0
L 2.5813466 1.3109213 2.5813466 1.3345433 2 P 0
L 2.5813466 1.3109213 2.6246537 1.3109213 2 P 0
L 2.5813466 1.3345433 2.6246537 1.3345433 2 P 0
L 2.6208497 0.9950945 2.6208498 1.29037 0 P 0
L 2.6208497 0.9950945 2.8226458 0.9950945 0 P 0
L 2.6208498 1.29037 2.8226456 1.2903701 0 P 0
L 2.6236546 1.3771882 2.6236546 1.4008102 2 P 0
L 2.6246537 1.3109213 2.6246537 1.3345433 2 P 0
L 2.74 0.833 2.764 0.833 2 P 0
L 2.748 0.531 2.764 0.531 2 P 0
L 2.764 0.531 2.764 0.54 2 P 0
L 2.764 0.54 2.764 0.648 2 P 0
L 2.764 0.648 2.764 0.826 2 P 0
L 2.764 0.826 2.764 0.833 2 P 0
L 2.8226456 1.2903701 2.8226458 0.9950945 0 P 0
