#Layer_Color=32768
#
#Feature symbol names
#
$0 r1.9685
$1 r3.937
$2 r2

#
#Feature attribute names
#

#
#Layer features
#
L 0.0627235 1.3846214 0.0627235 1.4121814 0 P 0
L 0.0627235 1.3846214 0.1099675 1.3846214 0 P 0
L 0.0627235 1.4121814 0.1099675 1.4121814 0 P 0
L 0.0784715 1.3984014 0.0942195 1.3984014 0 P 0
L 0.0863455 1.3905274 0.0863455 1.4062754 0 P 0
L 0.0961575 1.2863229 0.0961575 1.3296299 0 P 0
L 0.0961575 1.2863229 0.1158425 1.2863229 0 P 0
L 0.0961575 1.3296299 0.1158425 1.3296299 0 P 0
L 0.0995039 1.3079764 0.1124961 1.3079764 0 P 0
L 0.106 1.3014803 0.106 1.3144724 0 P 0
L 0.1099675 1.3846214 0.1099675 1.4121814 0 P 0
L 0.1158425 1.2863229 0.1158425 1.3296299 0 P 0
L 0.1203465 1.3091496 0.1203465 1.3308032 0 P 0
L 0.1203465 1.3091496 0.1636535 1.3091496 0 P 0
L 0.1203465 1.3308032 0.1636535 1.3308032 0 P 0
L 0.1355039 1.3199764 0.148496 1.3199764 0 P 0
L 0.142 1.3134803 0.142 1.3264724 0 P 0
L 0.1636535 1.3091496 0.1636535 1.3308032 0 P 0
L 0.1701575 1.2873229 0.1701575 1.3306299 0 P 0
L 0.1701575 1.2873229 0.1898425 1.2873229 0 P 0
L 0.1701575 1.3306299 0.1898425 1.3306299 0 P 0
L 0.1735039 1.3089764 0.1864961 1.3089764 0 P 0
L 0.18 1.3024803 0.18 1.3154724 0 P 0
L 0.1898425 1.2873229 0.1898425 1.3306299 0 P 0
L 0.542 1.916 0.542 2.247 0 P 0
L 0.542 1.916 0.572 1.916 0 P 0
L 0.542 2.247 0.542 2.271 0 P 0
L 0.542 2.271 0.784 2.271 0 P 0
L 0.572 1.916 0.762 1.916 0 P 0
L 0.6332982 1.7495974 0.6332982 1.8244014 0 P 0
L 0.6332982 1.7495974 0.6707002 1.7495974 0 P 0
L 0.6332982 1.8244014 0.6707002 1.8244014 0 P 0
L 0.6401882 1.7869994 0.6638102 1.7869994 0 P 0
L 0.6520002 1.7751894 0.6520002 1.7988114 0 P 0
L 0.6707002 1.7495974 0.6707002 1.8244014 0 P 0
L 0.7011732 1.7643465 0.7011732 1.8076535 0 P 0
L 0.7011732 1.7643465 0.7228268 1.7643465 0 P 0
L 0.7011732 1.8076535 0.7228268 1.8076535 0 P 0
L 0.7055039 1.786 0.718496 1.786 0 P 0
L 0.712 1.779504 0.712 1.7924961 0 P 0
L 0.7228268 1.7643465 0.7228268 1.8076535 0 P 0
L 0.7345037 1.8215047 0.7345037 1.8844967 0 P 0
L 0.7345037 1.8215047 0.7974957 1.8215047 0 P 0
L 0.7345037 1.8844967 0.7974957 1.8844967 0 P 0
L 0.7553465 1.3681575 0.7553465 1.3878425 0 P 0
L 0.7553465 1.3681575 0.7986535 1.3681575 0 P 0
L 0.7553465 1.3878425 0.7986535 1.3878425 0 P 0
L 0.7581257 1.8530007 0.7738737 1.8530007 0 P 0
L 0.762 1.916 0.897 1.916 0 P 0
L 0.7659997 1.8451267 0.7659997 1.8608747 0 P 0
L 0.7673465 1.4521575 0.7673465 1.4718425 0 P 0
L 0.7673465 1.4521575 0.8106535 1.4521575 0 P 0
L 0.7673465 1.4718425 0.8106535 1.4718425 0 P 0
L 0.7705039 1.378 0.783496 1.378 0 P 0
L 0.777 1.3715039 0.777 1.3844961 0 P 0
L 0.7825039 1.462 0.795496 1.462 0 P 0
L 0.784 2.271 0.897 2.271 0 P 0
L 0.789 1.4555039 0.789 1.4684961 0 P 0
L 0.7974957 1.8215047 0.7974957 1.8844967 0 P 0
L 0.7986535 1.3681575 0.7986535 1.3878425 0 P 0
L 0.8106535 1.4521575 0.8106535 1.4718425 0 P 0
L 0.8182982 1.7645974 0.8182982 1.8394014 0 P 0
L 0.8182982 1.7645974 0.8557002 1.7645974 0 P 0
L 0.8182982 1.8394014 0.8557002 1.8394014 0 P 0
L 0.8251882 1.8019994 0.8488102 1.8019994 0 P 0
L 0.8271575 1.2163465 0.8271575 1.2596535 0 P 0
L 0.8271575 1.2163465 0.8468425 1.2163465 0 P 0
L 0.8271575 1.2596535 0.8468425 1.2596535 0 P 0
L 0.8305039 1.238 0.8434961 1.238 0 P 0
L 0.837 1.2315039 0.837 1.244496 0 P 0
L 0.8370002 1.7901894 0.8370002 1.8138114 0 P 0
L 0.8468425 1.2163465 0.8468425 1.2596535 0 P 0
L 0.8472677 1.2122677 0.8472677 1.4957323 1 P 0
L 0.8472677 1.2122677 1.1307323 1.2122677 1 P 0
L 0.8472677 1.4957323 1.1307323 1.4957323 1 P 0
L 0.8557002 1.7645974 0.8557002 1.8394014 0 P 0
L 0.8741575 1.0673465 0.8741575 1.1106535 0 P 0
L 0.8741575 1.0673465 0.8938425 1.0673465 0 P 0
L 0.8741575 1.1106535 0.8938425 1.1106535 0 P 0
L 0.8775039 1.089 0.8904961 1.089 0 P 0
L 0.884 1.082504 0.884 1.0954961 0 P 0
L 0.8912982 1.7635974 0.8912982 1.8384014 0 P 0
L 0.8912982 1.7635974 0.9287002 1.7635974 0 P 0
L 0.8912982 1.8384014 0.9287002 1.8384014 0 P 0
L 0.8938425 1.0673465 0.8938425 1.1106535 0 P 0
L 0.897 1.916 0.897 2.271 0 P 0
L 0.8981882 1.8009994 0.9218102 1.8009994 0 P 0
L 0.9049449 1.0456929 0.9049449 1.1332913 0 P 0
L 0.9049449 1.0456929 1.0230551 1.0456929 0 P 0
L 0.9049449 1.1332913 1.0230551 1.1332913 0 P 0
L 0.9100002 1.7891894 0.9100002 1.8128114 0 P 0
L 0.9223465 1.1691575 0.9223465 1.1888425 0 P 0
L 0.9223465 1.1691575 0.9656535 1.1691575 0 P 0
L 0.9223465 1.1888425 0.9656535 1.1888425 0 P 0
L 0.9287002 1.7635974 0.9287002 1.8384014 0 P 0
L 0.937504 1.179 0.9504961 1.179 0 P 0
L 0.944 1.1725039 0.944 1.1854961 0 P 0
L 0.952189 1.089 0.975811 1.089 0 P 0
L 0.964 1.077189 0.964 1.100811 0 P 0
L 0.9656535 1.1691575 0.9656535 1.1888425 0 P 0
L 0.969315 1.354 1.008685 1.354 1 P 0
L 0.9781732 1.5383465 0.9781732 1.5816535 0 P 0
L 0.9781732 1.5383465 0.9998268 1.5383465 0 P 0
L 0.9781732 1.5816535 0.9998268 1.5816535 0 P 0
L 0.9825039 1.56 0.995496 1.56 0 P 0
L 0.989 1.334315 0.989 1.373685 1 P 0
L 0.989 1.553504 0.989 1.5664961 0 P 0
L 0.9998268 1.5383465 0.9998268 1.5816535 0 P 0
L 1.0031732 1.5383465 1.0031732 1.5816535 0 P 0
L 1.0031732 1.5383465 1.0248268 1.5383465 0 P 0
L 1.0031732 1.5816535 1.0248268 1.5816535 0 P 0
L 1.0075039 1.56 1.020496 1.56 0 P 0
L 1.014 1.553504 1.014 1.5664961 0 P 0
L 1.0230551 1.0456929 1.0230551 1.1332913 0 P 0
L 1.0248268 1.5383465 1.0248268 1.5816535 0 P 0
L 1.0261575 1.0603465 1.0261575 1.1036535 0 P 0
L 1.0261575 1.0603465 1.0458425 1.0603465 0 P 0
L 1.0261575 1.1036535 1.0458425 1.1036535 0 P 0
L 1.0295039 1.082 1.0424961 1.082 0 P 0
L 1.036 1.0755039 1.036 1.088496 0 P 0
L 1.0458425 1.0603465 1.0458425 1.1036535 0 P 0
L 1.1307323 1.2122677 1.1307323 1.4957323 1 P 0
L 1.1321575 1.4413465 1.1321575 1.4846535 0 P 0
L 1.1321575 1.4413465 1.1518425 1.4413465 0 P 0
L 1.1321575 1.4846535 1.1518425 1.4846535 0 P 0
L 1.1355039 1.463 1.1484961 1.463 0 P 0
L 1.142 1.456504 1.142 1.4694961 0 P 0
L 1.1441575 1.2123465 1.1441575 1.2556535 0 P 0
L 1.1441575 1.2123465 1.1638425 1.2123465 0 P 0
L 1.1441575 1.2556535 1.1638425 1.2556535 0 P 0
L 1.1475039 1.234 1.1604961 1.234 0 P 0
L 1.1494725 1.0555827 1.1494725 1.1284174 0 P 0
L 1.1494725 1.0555827 1.2085276 1.0555827 0 P 0
L 1.1494725 1.1284174 1.2085276 1.1284174 0 P 0
L 1.1518425 1.4413465 1.1518425 1.4846535 0 P 0
L 1.154 1.2275039 1.154 1.240496 0 P 0
L 1.159315 1.092 1.1986851 1.092 1 P 0
L 1.1638425 1.2123465 1.1638425 1.2556535 0 P 0
L 1.179 1.072315 1.179 1.1116851 1 P 0
L 1.2085276 1.0555827 1.2085276 1.1284174 0 P 0
L 1.2179606 1.538189 1.2179606 1.581496 0 P 0
L 1.2179606 1.538189 1.2396142 1.538189 0 P 0
L 1.2179606 1.581496 1.2396142 1.581496 0 P 0
L 1.2181732 1.0713465 1.2181732 1.1146535 0 P 0
L 1.2181732 1.0713465 1.2398268 1.0713465 0 P 0
L 1.2181732 1.1146535 1.2398268 1.1146535 0 P 0
L 1.2222913 1.5598425 1.2352834 1.5598425 0 P 0
L 1.2225039 1.093 1.235496 1.093 0 P 0
L 1.2287874 1.5533465 1.2287874 1.5663386 0 P 0
L 1.229 1.086504 1.229 1.0994961 0 P 0
L 1.2396142 1.538189 1.2396142 1.581496 0 P 0
L 1.2398268 1.0713465 1.2398268 1.1146535 0 P 0
L 1.2516378 1.653315 1.2516378 1.7123701 0 P 0
L 1.2516378 1.653315 1.357937 1.653315 0 P 0
L 1.2516378 1.7123701 1.357937 1.7123701 0 P 0
L 1.2649449 1.539189 1.2649449 1.582496 0 P 0
L 1.2649449 1.539189 1.2846299 1.539189 0 P 0
L 1.2649449 1.582496 1.2846299 1.582496 0 P 0
L 1.2682913 1.5608425 1.2812835 1.5608425 0 P 0
L 1.2747874 1.5543464 1.2747874 1.5673385 0 P 0
L 1.2831339 1.598 1.2831339 1.617685 0 P 0
L 1.2831339 1.598 1.3264409 1.598 0 P 0
L 1.2831339 1.617685 1.3264409 1.617685 0 P 0
L 1.2831339 1.625 1.2831339 1.644685 0 P 0
L 1.2831339 1.625 1.3264409 1.625 0 P 0
L 1.2831339 1.644685 1.3264409 1.644685 0 P 0
L 1.2846299 1.539189 1.2846299 1.582496 0 P 0
L 1.2860866 1.6828425 1.3234882 1.6828425 1 P 0
L 1.2982913 1.6078425 1.3112834 1.6078425 0 P 0
L 1.2982913 1.6348425 1.3112834 1.6348425 0 P 0
L 1.3047874 1.6013464 1.3047874 1.6143386 0 P 0
L 1.3047874 1.6283464 1.3047874 1.6413386 0 P 0
L 1.3047874 1.6641418 1.3047874 1.7015433 1 P 0
L 1.3119449 1.538189 1.3119449 1.581496 0 P 0
L 1.3119449 1.538189 1.3316299 1.538189 0 P 0
L 1.3119449 1.581496 1.3316299 1.581496 0 P 0
L 1.3152913 1.5598425 1.3282835 1.5598425 0 P 0
L 1.3217874 1.5533465 1.3217874 1.5663386 0 P 0
L 1.3264409 1.598 1.3264409 1.617685 0 P 0
L 1.3264409 1.625 1.3264409 1.644685 0 P 0
L 1.3316299 1.538189 1.3316299 1.581496 0 P 0
L 1.3438268 1.4938819 1.3438268 1.6238031 0 P 0
L 1.3438268 1.4938819 1.473748 1.4938819 0 P 0
L 1.3438268 1.6238031 1.473748 1.6238031 0 P 0
L 1.357937 1.653315 1.357937 1.7123701 0 P 0
L 1.3683465 1.6631575 1.3683465 1.6828425 0 P 0
L 1.3683465 1.6631575 1.4116535 1.6631575 0 P 0
L 1.3683465 1.6828425 1.4116535 1.6828425 0 P 0
L 1.383504 1.673 1.3964961 1.673 0 P 0
L 1.3891024 1.5588425 1.4284724 1.5588425 0 P 0
L 1.39 1.6665039 1.39 1.6794961 0 P 0
L 1.4087874 1.5391575 1.4087874 1.5785275 0 P 0
L 1.4116535 1.6631575 1.4116535 1.6828425 0 P 0
L 1.4281732 1.6363465 1.4281732 1.6796535 0 P 0
L 1.4281732 1.6363465 1.4498268 1.6363465 0 P 0
L 1.4281732 1.6796535 1.4498268 1.6796535 0 P 0
L 1.4325039 1.658 1.445496 1.658 0 P 0
L 1.4355748 1.2958819 1.4355748 1.4258031 0 P 0
L 1.4355748 1.2958819 1.534 1.2958819 0 P 0
L 1.4355748 1.4258031 1.534 1.4258031 0 P 0
L 1.439 1.651504 1.439 1.6644961 0 P 0
L 1.4498268 1.6363465 1.4498268 1.6796535 0 P 0
L 1.4651024 1.3608425 1.5044724 1.3608425 0 P 0
L 1.473748 1.4938819 1.473748 1.6238031 0 P 0
L 1.4847874 1.3411575 1.4847874 1.3805275 0 P 0
L 1.512 1.892 1.512 1.921 0 P 0
L 1.512 1.892 1.933 1.892 0 P 0
L 1.512 1.921 1.512 2.177 0 P 0
L 1.512 2.177 1.512 2.192 0 P 0
L 1.512 2.192 1.552 2.192 0 P 0
L 1.534 1.2958819 1.534 1.4258031 0 P 0
L 1.5474173 1.3812913 1.5474173 1.5623937 0 P 0
L 1.5474173 1.3812913 1.6261575 1.3812913 0 P 0
L 1.5474173 1.5623937 1.6261575 1.5623937 0 P 0
L 1.552 2.192 1.901 2.192 0 P 0
L 1.5671024 1.4718425 1.6064724 1.4718425 1 P 0
L 1.5867874 1.4521574 1.5867874 1.4915275 1 P 0
L 1.6261575 1.3812913 1.6261575 1.5623937 0 P 0
L 1.6414724 1.4438504 1.6414724 1.5501496 0 P 0
L 1.6414724 1.4438504 1.7005275 1.4438504 0 P 0
L 1.6414724 1.5501496 1.7005275 1.5501496 0 P 0
L 1.6522992 1.497 1.6897007 1.497 1 P 0
L 1.671 1.4782992 1.671 1.5157008 1 P 0
L 1.7005275 1.4438504 1.7005275 1.5501496 0 P 0
L 1.7102982 1.4595974 1.7102982 1.5344014 0 P 0
L 1.7102982 1.4595974 1.7477002 1.4595974 0 P 0
L 1.7102982 1.5344014 1.7477002 1.5344014 0 P 0
L 1.7171882 1.4969994 1.7408102 1.4969994 0 P 0
L 1.7290002 1.4851894 1.7290002 1.5088114 0 P 0
L 1.7477002 1.4595974 1.7477002 1.5344014 0 P 0
L 1.7542982 0.7625974 1.7542982 0.8374014 0 P 0
L 1.7542982 0.7625974 1.7917002 0.7625974 0 P 0
L 1.7542982 0.8374014 1.7917002 0.8374014 0 P 0
L 1.7552982 1.4595974 1.7552982 1.5344014 0 P 0
L 1.7552982 1.4595974 1.7927002 1.4595974 0 P 0
L 1.7552982 1.5344014 1.7927002 1.5344014 0 P 0
L 1.7611882 0.7999994 1.7848102 0.7999994 0 P 0
L 1.7621882 1.4969994 1.7858102 1.4969994 0 P 0
L 1.7693465 0.9631732 1.7693465 0.9848268 0 P 0
L 1.7693465 0.9631732 1.8126535 0.9631732 0 P 0
L 1.7693465 0.9848268 1.8126535 0.9848268 0 P 0
L 1.7730002 0.7881894 1.7730002 0.8118114 0 P 0
L 1.7740002 1.4851894 1.7740002 1.5088114 0 P 0
L 1.7845039 0.974 1.797496 0.974 0 P 0
L 1.7853465 0.9941732 1.7853465 1.0158268 0 P 0
L 1.7853465 0.9941732 1.8286535 0.9941732 0 P 0
L 1.7853465 1.0158268 1.8286535 1.0158268 0 P 0
L 1.791 0.9675039 1.791 0.980496 0 P 0
L 1.7917002 0.7625974 1.7917002 0.8374014 0 P 0
L 1.7927002 1.4595974 1.7927002 1.5344014 0 P 0
L 1.8005039 1.005 1.813496 1.005 0 P 0
L 1.803378 0.7398504 1.803378 0.8461496 0 P 0
L 1.803378 0.7398504 1.850622 0.7398504 0 P 0
L 1.803378 0.8461496 1.850622 0.8461496 0 P 0
L 1.807 0.9985039 1.807 1.011496 0 P 0
L 1.8082992 0.793 1.8457008 0.793 0 P 0
L 1.8126535 0.9631732 1.8126535 0.9848268 0 P 0
L 1.8231732 0.9163465 1.8231732 0.9596535 0 P 0
L 1.8231732 0.9163465 1.8448268 0.9163465 0 P 0
L 1.8231732 0.9596535 1.8448268 0.9596535 0 P 0
L 1.827 0.7742992 1.827 0.8117008 0 P 0
L 1.8275039 0.938 1.840496 0.938 0 P 0
L 1.8286535 0.9941732 1.8286535 1.0158268 0 P 0
L 1.834 0.931504 1.834 0.9444961 0 P 0
L 1.8448268 0.9163465 1.8448268 0.9596535 0 P 0
L 1.847 0.913 1.847 1.113 2 P 0
L 1.847 0.913 2.042 0.913 2 P 0
L 1.847 1.113 1.997 1.113 2 P 0
L 1.850622 0.7398504 1.850622 0.8461496 0 P 0
L 1.8622982 0.7035974 1.8622982 0.7784014 0 P 0
L 1.8622982 0.7035974 1.8997002 0.7035974 0 P 0
L 1.8622982 0.7784014 1.8997002 0.7784014 0 P 0
L 1.8691882 0.7409994 1.8928102 0.7409994 0 P 0
L 1.8792982 0.8155974 1.8792982 0.8904014 0 P 0
L 1.8792982 0.8155974 1.9167002 0.8155974 0 P 0
L 1.8792982 0.8904014 1.9167002 0.8904014 0 P 0
L 1.8810002 0.7291894 1.8810002 0.7528114 0 P 0
L 1.8861882 0.8529994 1.9098102 0.8529994 0 P 0
L 1.8980002 0.8411894 1.8980002 0.8648114 0 P 0
L 1.8997002 0.7035974 1.8997002 0.7784014 0 P 0
L 1.901 2.192 1.952 2.192 0 P 0
L 1.9167002 0.8155974 1.9167002 0.8904014 0 P 0
L 1.933 1.892 1.94 1.892 0 P 0
L 1.94 1.892 1.952 1.892 0 P 0
L 1.9442982 0.8145974 1.9442982 0.8894014 0 P 0
L 1.9442982 0.8145974 1.9817002 0.8145974 0 P 0
L 1.9442982 0.8894014 1.9817002 0.8894014 0 P 0
L 1.9511882 0.8519994 1.9748102 0.8519994 0 P 0
L 1.952 1.892 1.952 2.192 0 P 0
L 1.9630002 0.8401894 1.9630002 0.8638114 0 P 0
L 1.9817002 0.8145974 1.9817002 0.8894014 0 P 0
L 1.984 0.8613779 1.984 0.908622 0 P 0
L 1.984 0.8613779 2.084 0.8613779 0 P 0
L 1.984 0.908622 2.084 0.908622 0 P 0
L 1.9873465 1.1411732 1.9873465 1.1628268 0 P 0
L 1.9873465 1.1411732 2.0306535 1.1411732 0 P 0
L 1.9873465 1.1628268 2.0306535 1.1628268 0 P 0
L 1.997 1.113 2.042 1.113 2 P 0
L 2.0025039 1.152 2.015496 1.152 0 P 0
L 2.009 1.1455039 2.009 1.158496 0 P 0
L 2.0143149 0.885 2.053685 0.885 0 P 0
L 2.0306535 1.1411732 2.0306535 1.1628268 0 P 0
L 2.034 0.8653149 2.034 0.904685 0 P 0
L 2.0347556 1.6120548 2.0347565 1.4939446 0 P 0
L 2.0347556 1.6120548 2.1292437 1.6120559 0 P 0
L 2.0347556 1.8420548 2.0347565 1.7239446 0 P 0
L 2.0347556 1.8420548 2.1292437 1.8420559 0 P 0
L 2.0347565 1.4939446 2.1292446 1.4939457 0 P 0
L 2.0347565 1.7239446 2.1292446 1.7239457 0 P 0
L 2.042 0.913 2.042 1.113 2 P 0
L 2.0441731 0.9861181 2.0441731 1.0294251 0 P 0
L 2.0441731 0.9861181 2.0658267 0.9861181 0 P 0
L 2.0441731 1.0294251 2.0658267 1.0294251 0 P 0
L 2.0441732 1.0753465 2.0441732 1.1186535 0 P 0
L 2.0441732 1.0753465 2.0658268 1.0753465 0 P 0
L 2.0441732 1.1186535 2.0658268 1.1186535 0 P 0
L 2.0443465 0.9281732 2.0443465 0.9498268 0 P 0
L 2.0443465 0.9281732 2.0876535 0.9281732 0 P 0
L 2.0443465 0.9498268 2.0876535 0.9498268 0 P 0
L 2.0443465 0.9541575 2.0443465 0.9738425 0 P 0
L 2.0443465 0.9541575 2.0876535 0.9541575 0 P 0
L 2.0443465 0.9738425 2.0876535 0.9738425 0 P 0
L 2.0485038 1.0077716 2.0614959 1.0077716 0 P 0
L 2.048504 1.097 2.0614961 1.097 0 P 0
L 2.0549999 1.0012756 2.0549999 1.0142677 0 P 0
L 2.055 1.0905039 2.055 1.103496 0 P 0
L 2.0595039 0.964 2.072496 0.964 0 P 0
L 2.059504 0.939 2.0724961 0.939 0 P 0
L 2.0623149 1.553 2.1016855 1.5530004 0 P 0
L 2.0623149 1.783 2.1016855 1.7830004 0 P 0
L 2.0658267 0.9861181 2.0658267 1.0294251 0 P 0
L 2.0658268 1.0753465 2.0658268 1.1186535 0 P 0
L 2.066 0.932504 2.066 0.9454961 0 P 0
L 2.066 0.9575039 2.066 0.9704961 0 P 0
L 2.0731575 1.0753465 2.0731575 1.1186535 0 P 0
L 2.0731575 1.0753465 2.0928425 1.0753465 0 P 0
L 2.0731575 1.1186535 2.0928425 1.1186535 0 P 0
L 2.0731731 0.9861181 2.0731731 1.0294251 0 P 0
L 2.0731731 0.9861181 2.0948267 0.9861181 0 P 0
L 2.0731731 1.0294251 2.0948267 1.0294251 0 P 0
L 2.0765039 1.097 2.0894961 1.097 0 P 0
L 2.0775039 1.0077716 2.090496 1.0077716 0 P 0
L 2.0819998 1.5726856 2.0820004 1.5333149 0 P 0
L 2.0819998 1.8026856 2.0820004 1.7633149 0 P 0
L 2.083 1.090504 2.083 1.1034961 0 P 0
L 2.0839999 1.0012755 2.0839999 1.0142676 0 P 0
L 2.084 0.8613779 2.084 0.908622 0 P 0
L 2.0876535 0.9281732 2.0876535 0.9498268 0 P 0
L 2.0876535 0.9541575 2.0876535 0.9738425 0 P 0
L 2.0928425 1.0753465 2.0928425 1.1186535 0 P 0
L 2.0948267 0.9861181 2.0948267 1.0294251 0 P 0
L 2.1252998 1.0705986 2.1252998 1.1454026 0 P 0
L 2.1252998 1.0705986 2.1627018 1.0705986 0 P 0
L 2.1252998 1.1454026 2.1627018 1.1454026 0 P 0
L 2.1292437 1.6120559 2.1292446 1.4939457 0 P 0
L 2.1292437 1.8420559 2.1292446 1.7239457 0 P 0
L 2.1321898 1.1080006 2.1558118 1.1080006 0 P 0
L 2.1439998 1.0961886 2.1439998 1.1198106 0 P 0
L 2.1627018 1.0705986 2.1627018 1.1454026 0 P 0
L 2.1672983 0.9078258 2.1672983 0.9826298 0 P 0
L 2.1672983 0.9078258 2.2047003 0.9078258 0 P 0
L 2.1672983 0.9826298 2.2047003 0.9826298 0 P 0
L 2.1725827 0.6732992 2.1725827 0.7166062 0 P 0
L 2.1725827 0.6732992 2.1942363 0.6732992 0 P 0
L 2.1725827 0.7166062 2.1942363 0.7166062 0 P 0
L 2.1741883 0.9452278 2.1978103 0.9452278 0 P 0
L 2.1769135 0.6949527 2.1899056 0.6949527 0 P 0
L 2.1834095 0.6884566 2.1834095 0.7014487 0 P 0
L 2.1860003 0.9334178 2.1860003 0.9570398 0 P 0
L 2.1892983 1.2553297 2.1892983 1.3301337 0 P 0
L 2.1892983 1.2553297 2.2267003 1.2553297 0 P 0
L 2.1892983 1.3301337 2.2267003 1.3301337 0 P 0
L 2.1942363 0.6732992 2.1942363 0.7166062 0 P 0
L 2.1961654 0.7360551 2.1961654 0.8502283 0 P 0
L 2.1961654 0.7360551 2.2906535 0.7360551 0 P 0
L 2.1961654 0.8502283 2.2906535 0.8502283 0 P 0
L 2.1961883 1.2927317 2.2198103 1.2927317 0 P 0
L 2.2047003 0.9078258 2.2047003 0.9826298 0 P 0
L 2.2080003 1.2809217 2.2080003 1.3045437 0 P 0
L 2.2133295 0.6473937 2.2133295 0.7182597 0 P 0
L 2.2133295 0.6473937 2.2987635 0.6473937 0 P 0
L 2.2133295 0.7182597 2.2987635 0.7182597 0 P 0
L 2.2237244 0.7931417 2.2630945 0.7931417 0 P 0
L 2.2267003 1.2553297 2.2267003 1.3301337 0 P 0
L 2.231756 0.6123149 2.231756 0.6339685 0 P 0
L 2.231756 0.6123149 2.275063 0.6123149 0 P 0
L 2.231756 0.6339685 2.275063 0.6339685 0 P 0
L 2.2347556 1.8430548 2.2347565 1.7249446 0 P 0
L 2.2347556 1.8430548 2.3292437 1.8430559 0 P 0
L 2.2347565 1.7249446 2.3292446 1.7249457 0 P 0
L 2.2363615 0.6828257 2.2757315 0.6828257 0 P 0
L 2.2397556 1.6120548 2.2397565 1.4939446 0 P 0
L 2.2397556 1.6120548 2.3342437 1.6120559 0 P 0
L 2.2397565 1.4939446 2.3342446 1.4939457 0 P 0
L 2.2434095 0.7734567 2.2434095 0.8128268 0 P 0
L 2.2435119 1.1982441 2.2435119 1.3872205 0 P 0
L 2.2435119 1.1982441 2.4324883 1.1982441 0 P 0
L 2.2435119 1.3872205 2.4324883 1.3872205 0 P 0
L 2.2469134 0.6231417 2.2599055 0.6231417 0 P 0
L 2.2534095 0.6166456 2.2534095 0.6296377 0 P 0
L 2.2560455 0.6631417 2.2560455 0.7025117 0 P 0
L 2.2623149 1.784 2.3016855 1.7840004 0 P 0
L 2.2673149 1.553 2.3066855 1.5530004 0 P 0
L 2.275063 0.6123149 2.275063 0.6339685 0 P 0
L 2.2819998 1.8036856 2.2820004 1.7643149 0 P 0
L 2.2869998 1.5726856 2.2870004 1.5333149 0 P 0
L 2.2906535 0.7360551 2.2906535 0.8502283 0 P 0
L 2.2987635 0.6473937 2.2987635 0.7182597 0 P 0
L 2.3075827 0.7182992 2.3075827 0.7616062 0 P 0
L 2.3075827 0.7182992 2.3292363 0.7182992 0 P 0
L 2.3075827 0.7616062 2.3292363 0.7616062 0 P 0
L 2.3105975 1.4040321 2.3105975 1.4414341 0 P 0
L 2.3105975 1.4040321 2.3854015 1.4040321 0 P 0
L 2.3105975 1.4414341 2.3854015 1.4414341 0 P 0
L 2.3119135 0.7399527 2.3249056 0.7399527 0 P 0
L 2.3183151 1.2927323 2.3576851 1.2927323 0 P 0
L 2.3184095 0.7334566 2.3184095 0.7464487 0 P 0
L 2.3292363 0.7182992 2.3292363 0.7616062 0 P 0
L 2.3292437 1.8430559 2.3292446 1.7249457 0 P 0
L 2.3342437 1.6120559 2.3342446 1.4939457 0 P 0
L 2.3361895 1.4227321 2.3598115 1.4227321 0 P 0
L 2.3380001 1.2730473 2.3380001 1.3124173 0 P 0
L 2.341756 0.6482992 2.341756 0.6679842 0 P 0
L 2.341756 0.6482992 2.385063 0.6482992 0 P 0
L 2.341756 0.6679842 2.385063 0.6679842 0 P 0
L 2.341756 0.6773149 2.341756 0.6989685 0 P 0
L 2.341756 0.6773149 2.385063 0.6773149 0 P 0
L 2.341756 0.6989685 2.385063 0.6989685 0 P 0
L 2.3479995 1.4109221 2.3479995 1.4345441 0 P 0
L 2.3569135 0.6581417 2.3699056 0.6581417 0 P 0
L 2.3569135 0.6881417 2.3699056 0.6881417 0 P 0
L 2.3634095 0.6516456 2.3634095 0.6646378 0 P 0
L 2.3634095 0.6816457 2.3634095 0.6946378 0 P 0
L 2.385063 0.6482992 2.385063 0.6679842 0 P 0
L 2.385063 0.6773149 2.385063 0.6989685 0 P 0
L 2.3854015 1.4040321 2.3854015 1.4414341 0 P 0
L 2.4324883 1.1982441 2.4324883 1.3872205 0 P 0
L 2.4445986 1.2612982 2.4445986 1.2987002 0 P 0
L 2.4445986 1.2612982 2.5194026 1.2612982 0 P 0
L 2.4445986 1.2987002 2.5194026 1.2987002 0 P 0
L 2.4448505 1.0391103 2.4448505 1.0863543 0 P 0
L 2.4448505 1.0391103 2.5511497 1.0391103 0 P 0
L 2.4448505 1.0863543 2.5511497 1.0863543 0 P 0
L 2.4448505 1.0941103 2.4448505 1.1413543 0 P 0
L 2.4448505 1.0941103 2.5511497 1.0941103 0 P 0
L 2.4448505 1.1413543 2.5511497 1.1413543 0 P 0
L 2.451 0.506 2.451 0.641 0 P 0
L 2.451 0.506 2.806 0.506 0 P 0
L 2.451 0.641 2.451 0.831 0 P 0
L 2.451 0.831 2.451 0.861 0 P 0
L 2.451 0.861 2.782 0.861 0 P 0
L 2.4605987 1.1840305 2.4605987 1.2214325 0 P 0
L 2.4605987 1.1840305 2.5354027 1.1840305 0 P 0
L 2.4605987 1.2214325 2.5354027 1.2214325 0 P 0
L 2.4701886 1.2800002 2.4938106 1.2800002 0 P 0
L 2.4792993 1.0627323 2.5167009 1.0627323 0 P 0
L 2.4792993 1.1177323 2.5167009 1.1177323 0 P 0
L 2.4820006 1.2681882 2.4820006 1.2918102 0 P 0
L 2.4861887 1.2027325 2.5098107 1.2027325 0 P 0
L 2.4980001 1.0440315 2.4980001 1.0814331 0 P 0
L 2.4980001 1.0990315 2.4980001 1.1364331 0 P 0
L 2.4980007 1.1909205 2.4980007 1.2145425 0 P 0
L 2.5194026 1.2612982 2.5194026 1.2987002 0 P 0
L 2.5354027 1.1840305 2.5354027 1.2214325 0 P 0
L 2.5511497 1.0391103 2.5511497 1.0863543 0 P 0
L 2.5511497 1.0941103 2.5511497 1.1413543 0 P 0
L 2.5645986 1.3702982 2.5645986 1.4077002 0 P 0
L 2.5645986 1.3702982 2.6394026 1.3702982 0 P 0
L 2.5645986 1.4077002 2.6394026 1.4077002 0 P 0
L 2.567567 1.3050158 2.567567 1.3404489 0 P 0
L 2.567567 1.3050158 2.6384332 1.3050158 0 P 0
L 2.567567 1.3404489 2.6384332 1.3404489 0 P 0
L 2.5864056 0.9537558 2.5864056 1.3317087 0 P 0
L 2.5864056 0.9537756 2.8452245 0.953756 0 P 0
L 2.5864056 1.3317087 2.8452245 1.3317087 0 P 0
L 2.5901886 1.3890002 2.6138106 1.3890002 0 P 0
L 2.5911891 1.3227323 2.6148111 1.3227323 0 P 0
L 2.6020006 1.3771882 2.6020006 1.4008102 0 P 0
L 2.6030001 1.3109213 2.6030001 1.3345433 0 P 0
L 2.6384332 1.3050158 2.6384332 1.3404489 0 P 0
L 2.6394026 1.3702982 2.6394026 1.4077002 0 P 0
L 2.7183151 1.1427322 2.7576851 1.1427324 1 P 0
L 2.738 1.1624173 2.7380002 1.1230473 1 P 0
L 2.782 0.861 2.806 0.861 0 P 0
L 2.7901458 0.9427323 2.7901458 1.3427322 1 P 0
L 2.806 0.506 2.806 0.619 0 P 0
L 2.806 0.619 2.806 0.861 0 P 0
L 2.8452245 0.9537559 2.8452245 1.3317087 0 P 0
