#Layer_Color=16711935
#
#Feature symbol names
#
$0 r2
$1 r1.9685
$2 r3.937

#
#Feature attribute names
#

#
#Layer features
#
A 0.104 -0.0000032 0.104 -0.0000032 0 -0.0000032 0 P 0 N
A 0.1537283 -0.167 0.1537283 -0.167 0.144 -0.167 0 P 0 N
A -0.2225749 0.0284961 -0.2225749 0.0284961 -0.2274961 0.0284961 1 P 0 N
L 0.0006535 -0.132811 0.0006535 -0.109189 1 P 0
L -0.0027874 -0.0754961 -0.0027874 -0.062504 1 P 0
L 0.0045039 0.2687874 0.0045039 0.2935906 1 P 0
L 0.0045039 0.2687874 0.017496 0.2687874 1 P 0
L 0.0045039 0.2935906 0.017496 0.2935906 1 P 0
L 0.0051674 0.4455642 0.0205496 0.3583277 1 P 0
L -0.0066534 -0.1521898 0.0366546 -0.1521898 1 P 0
L -0.0066534 -0.1758118 -0.0066534 -0.1521898 1 P 0
L -0.0066534 -0.1758118 0.0366546 -0.1758118 1 P 0
L -0.0066534 -0.1941898 0.0366546 -0.1941898 1 P 0
L -0.0066534 -0.2178118 -0.0066534 -0.1941898 1 P 0
L -0.0066534 -0.2178118 0.0366546 -0.2178118 1 P 0
L 0.0105905 0.1372835 0.0105905 0.1727166 1 P 0
L 0.017496 0.2687874 0.017496 0.2935906 1 P 0
L -0.0195039 0.1315984 -0.0195039 0.1564016 1 P 0
L -0.0232682 0.178984 -0.0232682 0.33174 1 P 0
L -0.0232682 0.178984 0.1294878 0.178984 1 P 0
L -0.0232682 0.33174 0.1294878 0.33174 1 P 0
L -0.0275906 -0.062504 -0.0027874 -0.062504 1 P 0
L -0.0275906 -0.0754961 -0.0027874 -0.0754961 1 P 0
L -0.0275906 -0.0754961 -0.0275906 -0.062504 1 P 0
L -0.0294331 0.026315 -0.0294331 0.065685 1 P 0
L -0.0294331 0.026315 0.0414331 0.026315 1 P 0
L -0.0294331 0.065685 0.0414331 0.065685 1 P 0
L 0.031504 0.1405984 0.031504 0.1654016 1 P 0
L 0.031504 0.1405984 0.0444961 0.1405984 1 P 0
L 0.031504 0.1654016 0.0444961 0.1654016 1 P 0
L -0.0324961 0.1315984 -0.0195039 0.1315984 1 P 0
L -0.0324961 0.1315984 -0.0324961 0.1564016 1 P 0
L -0.0324961 0.1564016 -0.0195039 0.1564016 1 P 0
L -0.0334961 0.3048424 -0.0334961 0.3296456 1 P 0
L 0.0366546 -0.1758118 0.0366546 -0.1521898 1 P 0
L 0.0366546 -0.2178118 0.0366546 -0.1941898 1 P 0
L 0.0375039 0.2685984 0.0375039 0.2934016 1 P 0
L 0.0375039 0.2685984 0.050496 0.2685984 1 P 0
L 0.0375039 0.2934016 0.050496 0.2934016 1 P 0
L -0.038504 0.2755984 -0.038504 0.3004016 1 P 0
L -0.0405906 0.1372835 0.0105905 0.1372835 1 P 0
L -0.0405906 0.1372835 -0.0405906 0.1727166 1 P 0
L -0.0405906 0.1727166 0.0105905 0.1727166 1 P 0
L 0.0414331 0.026315 0.0414331 0.065685 1 P 0
L -0.0426536 -0.109189 0.0006535 -0.109189 1 P 0
L -0.0426536 -0.132811 0.0006535 -0.132811 1 P 0
L -0.0426536 -0.132811 -0.0426536 -0.109189 1 P 0
L 0.0444961 0.1405984 0.0444961 0.1654016 1 P 0
L -0.0464883 0.3048424 -0.0334961 0.3048424 1 P 0
L -0.0464883 0.3048424 -0.0464883 0.3296456 1 P 0
L -0.0464883 0.3296456 -0.0334961 0.3296456 1 P 0
L 0.050496 0.2685984 0.050496 0.2934016 1 P 0
L -0.0514961 0.2755984 -0.038504 0.2755984 1 P 0
L -0.0514961 0.2755984 -0.0514961 0.3004016 1 P 0
L -0.0514961 0.3004016 -0.038504 0.3004016 1 P 0
L -0.0531898 -0.2126546 -0.0531898 -0.1693466 1 P 0
L -0.057504 0.1965984 -0.057504 0.2214016 1 P 0
L 0.0695039 0.1345984 0.0695039 0.1594016 1 P 0
L 0.0695039 0.1345984 0.0824961 0.1345984 1 P 0
L 0.0695039 0.1594016 0.0824961 0.1594016 1 P 0
L -0.0701898 0.0073454 -0.0701898 0.0506534 1 P 0
L -0.0704961 0.1965984 -0.057504 0.1965984 1 P 0
L -0.0704961 0.1965984 -0.0704961 0.2214016 1 P 0
L -0.0704961 0.2214016 -0.057504 0.2214016 1 P 0
L 0.0711898 -0.1093454 0.0948118 -0.1093454 1 P 0
L 0.0711898 -0.1526534 0.0711898 -0.1093454 1 P 0
L 0.0711898 -0.1526534 0.0948118 -0.1526534 1 P 0
L -0.0768118 -0.1693466 -0.0531898 -0.1693466 1 P 0
L -0.0768118 -0.2126546 -0.0531898 -0.2126546 1 P 0
L -0.0768118 -0.2126546 -0.0768118 -0.1693466 1 P 0
L -0.0801898 -0.1796546 -0.0801898 -0.1363466 1 P 0
L 0.0824961 0.1345984 0.0824961 0.1594016 1 P 0
L -0.0864878 0.1784891 -0.0864878 0.2395111 1 P 0
L -0.0901898 -0.2126546 -0.0901898 -0.1693466 1 P 0
L -0.0905984 -0.041496 -0.0905984 -0.0285039 1 P 0
L -0.0935984 0.2605039 -0.0935984 0.2734961 1 P 0
L -0.0935984 0.286504 -0.0935984 0.2994961 1 P 0
L -0.0938118 0.0073454 -0.0701898 0.0073454 1 P 0
L -0.0938118 0.0073454 -0.0938118 0.0506534 1 P 0
L -0.0938118 0.0506534 -0.0701898 0.0506534 1 P 0
L 0.0948118 -0.1526534 0.0948118 -0.1093454 1 P 0
L -0.1034252 0.1636929 -0.1034252 0.250307 1 P 0
L -0.1038118 -0.1363466 -0.0801898 -0.1363466 1 P 0
L -0.1038118 -0.1796546 -0.0801898 -0.1796546 1 P 0
L -0.1038118 -0.1796546 -0.1038118 -0.1363466 1 P 0
L -0.109504 0.0135984 -0.109504 0.0384016 1 P 0
L -0.1138118 -0.1693466 -0.0901898 -0.1693466 1 P 0
L -0.1138118 -0.2126546 -0.0901898 -0.2126546 1 P 0
L -0.1138118 -0.2126546 -0.1138118 -0.1693466 1 P 0
L -0.1154016 -0.0285039 -0.0905984 -0.0285039 1 P 0
L -0.1154016 -0.041496 -0.0905984 -0.041496 1 P 0
L -0.1154016 -0.041496 -0.1154016 -0.0285039 1 P 0
L -0.1165984 0.1245039 -0.1165984 0.137496 1 P 0
L -0.1184016 0.2605039 -0.0935984 0.2605039 1 P 0
L -0.1184016 0.2605039 -0.1184016 0.2734961 1 P 0
L -0.1184016 0.2734961 -0.0935984 0.2734961 1 P 0
L -0.1184016 0.286504 -0.0935984 0.286504 1 P 0
L -0.1184016 0.286504 -0.1184016 0.2994961 1 P 0
L -0.1184016 0.2994961 -0.0935984 0.2994961 1 P 0
L -0.1224961 0.0135984 -0.109504 0.0135984 1 P 0
L -0.1224961 0.0135984 -0.1224961 0.0384016 1 P 0
L -0.1224961 0.0384016 -0.109504 0.0384016 1 P 0
L -0.126784 0.3323488 0.0205496 0.3583277 1 P 0
L -0.1281882 -0.1796546 -0.1281882 -0.1363466 1 P 0
L 0.1282913 -0.0212913 0.2897087 -0.0212913 0 P 0
L 0.1282913 -0.1827087 0.1282913 -0.0212913 0 P 0
L 0.1282913 -0.1827087 0.2897087 -0.1827087 0 P 0
L 0.1294878 0.178984 0.1294878 0.33174 1 P 0
L 0.1305039 0.0735984 0.1305039 0.0984016 1 P 0
L 0.1305039 0.0735984 0.1434961 0.0735984 1 P 0
L 0.1305039 0.0984016 0.1434961 0.0984016 1 P 0
L -0.1414016 0.1245039 -0.1165984 0.1245039 1 P 0
L -0.1414016 0.1245039 -0.1414016 0.137496 1 P 0
L -0.1414016 0.137496 -0.1165984 0.137496 1 P 0
L -0.1421663 0.4195853 0.0051674 0.4455642 1 P 0
L -0.1421663 0.4195853 -0.126784 0.3323488 1 P 0
L 0.1434961 0.0735984 0.1434961 0.0984016 1 P 0
L 0.1474173 0.2112914 0.1474173 0.2469606 1 P 0
L 0.1474173 0.2112914 0.2039527 0.2112914 1 P 0
L 0.1474173 0.2469606 0.2039527 0.2469606 1 P 0
L -0.1475118 0.1784891 -0.0864878 0.1784891 1 P 0
L -0.1475118 0.1784891 -0.1475118 0.2395111 1 P 0
L -0.1475118 0.2395111 -0.0864878 0.2395111 1 P 0
L 0.1476377 -0.2828497 0.1476378 -0.4846455 2 P 0
L -0.1476378 -0.2828496 0.1476377 -0.2828497 2 P 0
L -0.1476378 -0.4846457 -0.1476378 -0.2828496 2 P 0
L -0.1476378 -0.4846457 0.1476378 -0.4846455 2 P 0
L -0.1518102 -0.1363466 -0.1281882 -0.1363466 1 P 0
L -0.1518102 -0.1796546 -0.1281882 -0.1796546 1 P 0
L -0.1518102 -0.1796546 -0.1518102 -0.1363466 1 P 0
L -0.1546614 -0.0443386 -0.1546614 0.0383386 1 P 0
L 0.1565039 0.1595748 0.1565039 0.184378 1 P 0
L 0.1565039 0.1595748 0.1694961 0.1595748 1 P 0
L 0.1565039 0.184378 0.1694961 0.184378 1 P 0
L -0.1565512 0.0662993 -0.1565512 0.1037008 2 P 0
L -0.1565748 0.1636929 -0.1034252 0.1636929 1 P 0
L -0.1565748 0.1636929 -0.1565748 0.250307 1 P 0
L -0.1565748 0.250307 -0.1034252 0.250307 1 P 0
L 0.1590272 0.0509448 0.1590272 0.117874 1 P 0
L 0.1590272 0.0509448 0.2417044 0.0509448 1 P 0
L 0.1590272 0.117874 0.2417044 0.117874 1 P 0
L 0.1615039 0.2705984 0.1615039 0.2954016 1 P 0
L 0.1615039 0.2705984 0.1744961 0.2705984 1 P 0
L 0.1615039 0.2954016 0.1744961 0.2954016 1 P 0
L -0.1643454 0.0241898 -0.1643454 0.0478118 1 P 0
L -0.1661898 -0.3036546 -0.1661898 -0.2603466 1 P 0
L 0.1694961 0.1595748 0.1694961 0.184378 1 P 0
L 0.1743466 0.0041882 0.1743466 0.0278102 1 P 0
L 0.1743466 0.0041882 0.2176546 0.0041882 1 P 0
L 0.1743466 0.0278102 0.2176546 0.0278102 1 P 0
L 0.1744961 0.2705984 0.1744961 0.2954016 1 P 0
L -0.1801898 -0.1786546 -0.1801898 -0.1353466 1 P 0
L 0.1865354 -0.2812992 0.2534646 -0.2812992 1 P 0
L 0.1865354 -0.3187008 0.1865354 -0.2812992 1 P 0
L 0.1865354 -0.3187008 0.2534646 -0.3187008 1 P 0
L -0.187084 -0.197542 -0.187084 -0.140082 1 P 0
L 0.1875354 -0.3342992 0.2544646 -0.3342992 1 P 0
L 0.1875354 -0.3717008 0.1875354 -0.3342992 1 P 0
L 0.1875354 -0.3717008 0.2544646 -0.3717008 1 P 0
L -0.188504 0.1975984 -0.188504 0.2224016 1 P 0
L 0.1893466 -0.2091898 0.2326546 -0.2091898 1 P 0
L 0.1893466 -0.2328118 0.1893466 -0.2091898 1 P 0
L 0.1893466 -0.2328118 0.2326546 -0.2328118 1 P 0
L -0.1898118 -0.2603466 -0.1661898 -0.2603466 1 P 0
L -0.1898118 -0.3036546 -0.1661898 -0.3036546 1 P 0
L -0.1898118 -0.3036546 -0.1898118 -0.2603466 1 P 0
L -0.1915984 0.1175039 -0.1915984 0.1304961 1 P 0
L -0.191622 0.1465039 -0.191622 0.1594961 1 P 0
L -0.2014961 0.1975984 -0.188504 0.1975984 1 P 0
L -0.2014961 0.1975984 -0.2014961 0.2224016 1 P 0
L -0.2014961 0.2224016 -0.188504 0.2224016 1 P 0
L -0.2038118 -0.1353466 -0.1801898 -0.1353466 1 P 0
L -0.2038118 -0.1786546 -0.1801898 -0.1786546 1 P 0
L -0.2038118 -0.1786546 -0.2038118 -0.1353466 1 P 0
L 0.2039527 0.2112914 0.2039527 0.2469606 1 P 0
L -0.2055984 0.0895039 -0.2055984 0.1024961 1 P 0
L -0.2076534 0.0241898 -0.1643454 0.0241898 1 P 0
L -0.2076534 0.0241898 -0.2076534 0.0478118 1 P 0
L -0.2076534 0.0478118 -0.1643454 0.0478118 1 P 0
L 0.2085039 0.2725984 0.2085039 0.2974016 1 P 0
L 0.2085039 0.2725984 0.2214961 0.2725984 1 P 0
L 0.2085039 0.2974016 0.2214961 0.2974016 1 P 0
L -0.2164016 0.1175039 -0.1915984 0.1175039 1 P 0
L -0.2164016 0.1175039 -0.2164016 0.1304961 1 P 0
L -0.2164016 0.1304961 -0.1915984 0.1304961 1 P 0
L -0.2164252 0.1465039 -0.191622 0.1465039 1 P 0
L -0.2164252 0.1465039 -0.2164252 0.1594961 1 P 0
L -0.2164252 0.1594961 -0.191622 0.1594961 1 P 0
L -0.2165669 -0.117685 -0.2165669 -0.0783149 1 P 0
L 0.2176546 0.0041882 0.2176546 0.0278102 1 P 0
L 0.2214961 0.2725984 0.2214961 0.2974016 1 P 0
L -0.2245039 0.1255984 -0.2245039 0.1504016 1 P 0
L -0.2254488 0.0662993 -0.1565512 0.0662993 2 P 0
L -0.2254488 0.0662993 -0.2254488 0.1037008 2 P 0
L -0.2254488 0.1037008 -0.1565512 0.1037008 2 P 0
L 0.2269717 -0.2854319 0.2854323 -0.3438942 1 P 0
L 0.2269717 -0.2854319 0.2854339 -0.2269713 1 P 0
L 0.2269718 0.2854337 0.2854324 0.2269715 1 P 0
L 0.2269718 0.2854337 0.2854341 0.3438943 1 P 0
L -0.2304016 0.0895039 -0.2055984 0.0895039 1 P 0
L -0.2304016 0.0895039 -0.2304016 0.1024961 1 P 0
L -0.2304016 0.1024961 -0.2055984 0.1024961 1 P 0
L 0.2326546 -0.2328118 0.2326546 -0.2091898 1 P 0
L -0.2373386 0.0383386 -0.1546614 0.0383386 1 P 0
L -0.2373386 -0.0443386 -0.1546614 -0.0443386 1 P 0
L -0.2373386 -0.0443386 -0.2373386 0.0383386 1 P 0
L -0.237496 0.1255984 -0.2245039 0.1255984 1 P 0
L -0.237496 0.1255984 -0.237496 0.1504016 1 P 0
L -0.237496 0.1504016 -0.2245039 0.1504016 1 P 0
L 0.2417044 0.0509448 0.2417044 0.117874 1 P 0
L -0.244918 -0.140082 -0.187084 -0.140082 1 P 0
L -0.244918 -0.197542 -0.187084 -0.197542 1 P 0
L -0.244918 -0.197542 -0.244918 -0.140082 1 P 0
L -0.2525039 -0.0552126 -0.2525039 -0.0304094 1 P 0
L 0.2534646 -0.3187008 0.2534646 -0.2812992 1 P 0
L 0.2544646 -0.3717008 0.2544646 -0.3342992 1 P 0
L -0.2559606 0.1249606 -0.2559606 0.2450394 1 P 0
L 0.2565039 0.0715984 0.2565039 0.0964016 1 P 0
L 0.2565039 0.0715984 0.2694961 0.0715984 1 P 0
L 0.2565039 0.0964016 0.2694961 0.0964016 1 P 0
L -0.257504 0.0225984 -0.257504 0.0474016 1 P 0
L -0.2605984 -0.0064961 -0.2605984 0.006496 1 P 0
L -0.2648504 0.0146929 -0.2648504 0.1013071 1 P 0
L -0.2654961 -0.0304094 -0.2525039 -0.0304094 1 P 0
L -0.2654961 -0.0552126 -0.2525039 -0.0552126 1 P 0
L -0.2654961 -0.0552126 -0.2654961 -0.0304094 1 P 0
L 0.2663454 0.0041898 0.2663454 0.0278118 1 P 0
L 0.2663454 0.0041898 0.3096534 0.0041898 1 P 0
L 0.2663454 0.0278118 0.3096534 0.0278118 1 P 0
L 0.2694961 0.0715984 0.2694961 0.0964016 1 P 0
L -0.2704961 0.0225984 -0.257504 0.0225984 1 P 0
L -0.2704961 0.0225984 -0.2704961 0.0474016 1 P 0
L -0.2704961 0.0474016 -0.257504 0.0474016 1 P 0
L -0.2765039 0.2615748 -0.2765039 0.286378 1 P 0
L -0.2775039 -0.0552126 -0.2775039 -0.0304094 1 P 0
L -0.2815039 0.0225984 -0.2815039 0.0474016 1 P 0
L -0.2854016 0.006496 -0.2605984 0.006496 1 P 0
L -0.2854016 -0.0064961 -0.2605984 -0.0064961 1 P 0
L -0.2854016 -0.0064961 -0.2854016 0.006496 1 P 0
L -0.2854321 0.3438947 -0.2269715 0.2854324 1 P 0
L 0.2854323 -0.3438942 0.3438945 -0.2854336 1 P 0
L -0.2854324 -0.2269715 -0.2269718 -0.2854337 1 P 0
L 0.2854324 0.2269715 0.3438947 0.2854321 1 P 0
L -0.2854337 0.2269718 -0.2269715 0.2854324 1 P 0
L 0.2854339 -0.2269713 0.3438945 -0.2854336 1 P 0
L -0.2854341 -0.3438943 -0.2269718 -0.2854337 1 P 0
L 0.2854341 0.3438943 0.3438947 0.2854321 1 P 0
L 0.2861882 0.1353454 0.2861882 0.1786534 1 P 0
L 0.2861882 0.1353454 0.3098102 0.1353454 1 P 0
L 0.2861882 0.1786534 0.3098102 0.1786534 1 P 0
L -0.287433 -0.0783149 -0.2165669 -0.0783149 1 P 0
L -0.287433 -0.117685 -0.2165669 -0.117685 1 P 0
L -0.287433 -0.117685 -0.287433 -0.0783149 1 P 0
L -0.2894961 0.2615748 -0.2765039 0.2615748 1 P 0
L -0.2894961 0.2615748 -0.2894961 0.286378 1 P 0
L -0.2894961 0.286378 -0.2765039 0.286378 1 P 0
L 0.2897087 -0.1827087 0.2897087 -0.0212913 0 P 0
L -0.290496 -0.0304094 -0.2775039 -0.0304094 1 P 0
L -0.290496 -0.0552126 -0.2775039 -0.0552126 1 P 0
L -0.290496 -0.0552126 -0.290496 -0.0304094 1 P 0
L -0.294496 0.0225984 -0.2815039 0.0225984 1 P 0
L -0.294496 0.0225984 -0.294496 0.0474016 1 P 0
L -0.294496 0.0474016 -0.2815039 0.0474016 1 P 0
L -0.3017899 -0.3218715 -0.2292274 -0.271063 1 P 0
L -0.3084094 0.280504 -0.3084094 0.2934961 1 P 0
L -0.3085984 0.2565039 -0.3085984 0.2694961 1 P 0
L -0.3095671 -0.1570866 -0.3095671 -0.0429134 1 P 0
L 0.3096534 0.0041898 0.3096534 0.0278118 1 P 0
L 0.3098102 0.1353454 0.3098102 0.1786534 1 P 0
L -0.3150381 -0.1485125 -0.2292274 -0.271063 1 P 0
L 0.3311882 0.1353454 0.3311882 0.1786534 1 P 0
L 0.3311882 0.1353454 0.3548102 0.1353454 1 P 0
L 0.3311882 0.1786534 0.3548102 0.1786534 1 P 0
L -0.3332126 0.280504 -0.3084094 0.280504 1 P 0
L -0.3332126 0.280504 -0.3332126 0.2934961 1 P 0
L -0.3332126 0.2934961 -0.3084094 0.2934961 1 P 0
L -0.3334016 0.2565039 -0.3085984 0.2565039 1 P 0
L -0.3334016 0.2565039 -0.3334016 0.2694961 1 P 0
L -0.3334016 0.2694961 -0.3085984 0.2694961 1 P 0
L 0.3365984 0.1196929 0.3365984 0.1326851 1 P 0
L 0.3365984 0.1196929 0.3614016 0.1196929 1 P 0
L 0.3365984 0.1326851 0.3614016 0.1326851 1 P 0
L 0.3365984 0.1436929 0.3365984 0.1566851 1 P 0
L 0.3365984 0.1436929 0.3614016 0.1436929 1 P 0
L 0.3365984 0.1566851 0.3614016 0.1566851 1 P 0
L 0.3422992 -0.1315512 0.3797007 -0.1315512 2 P 0
L 0.3422992 -0.2004488 0.3422992 -0.1315512 2 P 0
L 0.3422992 -0.2004488 0.3797007 -0.2004488 2 P 0
L -0.3438943 0.2854341 -0.2854321 0.3438947 1 P 0
L -0.3438943 0.2854341 -0.2854337 0.2269718 1 P 0
L -0.3438947 -0.2854321 -0.2854324 -0.2269715 1 P 0
L -0.3438947 -0.2854321 -0.2854341 -0.3438943 1 P 0
L 0.3548102 0.1353454 0.3548102 0.1786534 1 P 0
L 0.3614016 0.1196929 0.3614016 0.1326851 1 P 0
L 0.3614016 0.1436929 0.3614016 0.1566851 1 P 0
L -0.3711496 0.0146929 -0.2648504 0.0146929 1 P 0
L -0.3711496 0.0146929 -0.3711496 0.1013071 1 P 0
L -0.3711496 0.1013071 -0.2648504 0.1013071 1 P 0
L -0.3760394 0.1249606 -0.2559606 0.1249606 1 P 0
L -0.3760394 0.1249606 -0.3760394 0.2450394 1 P 0
L -0.3760394 0.2450394 -0.2559606 0.2450394 1 P 0
L 0.3797007 -0.2004488 0.3797007 -0.1315512 2 P 0
L -0.3804333 -0.0429134 -0.3095671 -0.0429134 1 P 0
L -0.3804333 -0.1570866 -0.3095671 -0.1570866 1 P 0
L -0.3804333 -0.1570866 -0.3804333 -0.0429134 1 P 0
L -0.3876007 -0.1993213 -0.3017899 -0.3218715 1 P 0
L -0.3876007 -0.1993213 -0.3150381 -0.1485125 1 P 0
L 0.392504 0.1257874 0.392504 0.1505906 1 P 0
L 0.392504 0.1257874 0.4054961 0.1257874 1 P 0
L 0.392504 0.1505906 0.4054961 0.1505906 1 P 0
L 0.3989159 0.0577564 0.3989159 0.0774404 1 P 0
L 0.3989159 0.0577564 0.4382859 0.0577564 1 P 0
L 0.3989159 0.0774404 0.4382859 0.0774404 1 P 0
L 0.4054961 0.1257874 0.4054961 0.1505906 1 P 0
L 0.4382859 0.0577564 0.4382859 0.0774404 1 P 0
