#Layer_Color=32768
#
#Feature symbol names
#
$0 r2
$1 r1.9685
$2 r3.937

#
#Feature attribute names
#

#
#Layer features
#
A 0.1201041 0 0.1201041 0 0 0 0 P 0 N
L 0 -0.025 0 0.02 0 P 0
L -0.0000001 -0.380315 0.0000001 -0.419685 2 P 0
L 0.0001732 0.2595355 0.0001732 0.3028425 1 P 0
L 0.0001732 0.2595355 0.0218268 0.2595355 1 P 0
L 0.0001732 0.3028425 0.0218268 0.3028425 1 P 0
L 0.0031886 -0.1639998 0.0268106 -0.1639998 1 P 0
L 0.0031886 -0.2059998 0.0268106 -0.2059998 1 P 0
L 0.0045039 0.281189 0.017496 0.281189 1 P 0
L 0.006 0.0272992 0.006 0.0647008 1 P 0
L 0.0064645 -0.0798268 0.0064645 -0.0581732 1 P 0
L 0.011 0.2746929 0.011 0.287685 1 P 0
L -0.0127008 0.046 0.0247008 0.046 1 P 0
L 0.0141229 0.4127107 0.0312244 0.4596951 1 P 0
L 0.0141229 0.4127107 0.2020624 0.3443066 1 P 0
L 0.0144331 -0.1387166 0.0144331 -0.1032835 1 P 0
L 0.0145275 0.1185827 0.0145275 0.1914174 1 P 0
L -0.015 0.135315 -0.015 0.1746851 2 P 0
L 0.0150006 -0.1758118 0.0150006 -0.1521898 1 P 0
L 0.0150006 -0.2178118 0.0150006 -0.1941898 1 P 0
L -0.015189 -0.0754961 -0.015189 -0.062504 1 P 0
L -0.0161575 0.1223465 -0.0161575 0.1656535 1 P 0
L -0.019685 -0.4000001 0.019685 -0.3999999 2 P 0
L -0.02 0 0.02 0 0 P 0
L -0.021 -0.132811 -0.021 -0.109189 1 P 0
L -0.0216851 -0.069 -0.008693 -0.069 1 P 0
L 0.0218268 0.2595355 0.0218268 0.3028425 1 P 0
L 0.0220602 0.4660532 0.0446344 0.3380283 1 P 0
L -0.0224014 -0.1452998 0.0524026 -0.1452998 1 P 0
L -0.0224014 -0.1827018 -0.0224014 -0.1452998 1 P 0
L -0.0224014 -0.1827018 0.0524026 -0.1827018 1 P 0
L -0.0224014 -0.1872998 0.0524026 -0.1872998 1 P 0
L -0.0224014 -0.2247018 -0.0224014 -0.1872998 1 P 0
L -0.0224014 -0.2247018 0.0524026 -0.2247018 1 P 0
L -0.026 0.1375039 -0.026 0.150496 1 P 0
L 0.0271732 0.1313465 0.0271732 0.1746535 1 P 0
L 0.0271732 0.1313465 0.0488268 0.1313465 1 P 0
L 0.0271732 0.1746535 0.0488268 0.1746535 1 P 0
L -0.0301497 0.2955905 -0.0301497 0.3388975 1 P 0
L 0.0312244 0.4596951 0.2191623 0.3912905 1 P 0
L 0.031504 0.153 0.0444961 0.153 1 P 0
L -0.0321262 0.170126 -0.0321262 0.340598 1 P 0
L -0.0321262 0.170126 0.1383458 0.170126 1 P 0
L -0.0321262 0.340598 0.1383458 0.340598 1 P 0
L -0.0324961 0.144 -0.0195039 0.144 1 P 0
L -0.032811 -0.121 -0.009189 -0.121 1 P 0
L 0.0331732 0.2593465 0.0331732 0.3026535 1 P 0
L 0.0331732 0.2593465 0.0548268 0.2593465 1 P 0
L 0.0331732 0.3026535 0.0548268 0.3026535 1 P 0
L 0.0334238 0.255362 0.0727938 0.255362 1 P 0
L -0.0341732 0.2663465 -0.0341732 0.3096535 1 P 0
L -0.0346851 0.155 0.004685 0.155 2 P 0
L -0.0358425 0.1223465 -0.0161575 0.1223465 1 P 0
L -0.0358425 0.1223465 -0.0358425 0.1656535 1 P 0
L -0.0358425 0.1656535 -0.0161575 0.1656535 1 P 0
L -0.0368425 -0.0581732 0.0064645 -0.0581732 1 P 0
L -0.0368425 -0.0798268 0.0064645 -0.0798268 1 P 0
L -0.0368425 -0.0798268 -0.0368425 -0.0581732 1 P 0
L 0.0375039 0.281 0.050496 0.281 1 P 0
L 0.038 0.146504 0.038 0.1594961 1 P 0
L -0.0399922 0.3107479 -0.0399922 0.32374 1 P 0
L 0.044 0.2745039 0.044 0.287496 1 P 0
L -0.0445276 0.1185827 0.0145275 0.1185827 1 P 0
L -0.0445276 0.1185827 -0.0445276 0.1914174 1 P 0
L -0.0445276 0.1914174 0.0145275 0.1914174 1 P 0
L -0.045 0.281504 -0.045 0.2944961 1 P 0
L -0.0462998 -0.2284026 -0.0462998 -0.1535986 1 P 0
L -0.0464883 0.317244 -0.0334961 0.317244 1 P 0
L -0.0471496 0.022378 -0.0471496 0.069622 1 P 0
L -0.0471496 0.022378 0.0591496 0.022378 1 P 0
L -0.0471496 0.069622 0.0591496 0.069622 1 P 0
L 0.0488268 0.1313465 0.0488268 0.1746535 1 P 0
L -0.0498347 0.2955905 -0.0301497 0.2955905 1 P 0
L -0.0498347 0.2955905 -0.0498347 0.3388975 1 P 0
L -0.0498347 0.3388975 -0.0301497 0.3388975 1 P 0
L -0.0514961 0.288 -0.038504 0.288 1 P 0
L 0.0524026 -0.1827018 0.0524026 -0.1452998 1 P 0
L 0.0524026 -0.2247018 0.0524026 -0.1872998 1 P 0
L 0.0531078 0.235678 0.0531078 0.275048 1 P 0
L -0.0531732 0.1873465 -0.0531732 0.2306535 1 P 0
L 0.0548268 0.2593465 0.0548268 0.3026535 1 P 0
L -0.0558268 0.2663465 -0.0341732 0.2663465 1 P 0
L -0.0558268 0.2663465 -0.0558268 0.3096535 1 P 0
L -0.0558268 0.3096535 -0.0341732 0.3096535 1 P 0
L -0.0564331 -0.1032835 0.0144331 -0.1032835 1 P 0
L -0.0564331 -0.1387166 0.0144331 -0.1387166 1 P 0
L -0.0564331 -0.1387166 -0.0564331 -0.1032835 1 P 0
L 0.0591496 0.022378 0.0591496 0.069622 1 P 0
L -0.0632998 -0.0084026 -0.0632998 0.0664014 1 P 0
L -0.064 0.2025039 -0.064 0.215496 1 P 0
L 0.0642998 -0.0935974 0.1017018 -0.0935974 1 P 0
L 0.0642998 -0.1684014 0.0642998 -0.0935974 1 P 0
L 0.0642998 -0.1684014 0.1017018 -0.1684014 1 P 0
L -0.0649998 -0.2028106 -0.0649998 -0.1791886 1 P 0
L 0.0661575 0.1253465 0.0661575 0.1686535 1 P 0
L 0.0661575 0.1253465 0.0858425 0.1253465 1 P 0
L 0.0661575 0.1686535 0.0858425 0.1686535 1 P 0
L 0.0695039 0.147 0.0824961 0.147 1 P 0
L -0.0704961 0.209 -0.057504 0.209 1 P 0
L 0.0711898 -0.1309994 0.0948118 -0.1309994 1 P 0
L -0.0729134 0.1597559 -0.0729134 0.254244 1 P 0
L -0.0732998 -0.1954026 -0.0732998 -0.1205986 1 P 0
L -0.0748268 0.1873465 -0.0531732 0.1873465 1 P 0
L -0.0748268 0.1873465 -0.0748268 0.2306535 1 P 0
L -0.0748268 0.2306535 -0.0531732 0.2306535 1 P 0
L 0.076 0.1405039 0.076 0.153496 1 P 0
L -0.0768118 -0.1910006 -0.0531898 -0.1910006 1 P 0
L -0.0813465 -0.0458268 -0.0813465 -0.0241732 1 P 0
L -0.0815678 0.1662831 -0.0815678 0.2517171 1 P 0
L -0.0819998 0.0171894 -0.0819998 0.0408114 1 P 0
L 0.0829998 -0.1428114 0.0829998 -0.1191894 1 P 0
L -0.0832998 -0.2284026 -0.0832998 -0.1535986 1 P 0
L -0.0837018 -0.1535986 -0.0462998 -0.1535986 1 P 0
L -0.0837018 -0.2284026 -0.0462998 -0.2284026 1 P 0
L -0.0837018 -0.2284026 -0.0837018 -0.1535986 1 P 0
L -0.0843465 0.2571575 -0.0843465 0.2768425 1 P 0
L -0.0843465 0.2821732 -0.0843465 0.3038268 1 P 0
L 0.0858425 0.1253465 0.0858425 0.1686535 1 P 0
L -0.0920018 -0.1698106 -0.0920018 -0.1461886 1 P 0
L -0.0938118 0.0289994 -0.0701898 0.0289994 1 P 0
L 0.0981448 0.4087319 0.1351411 0.3952674 1 P 0
L -0.1007018 -0.0084026 -0.0632998 -0.0084026 1 P 0
L -0.1007018 -0.0084026 -0.1007018 0.0664014 1 P 0
L -0.1007018 0.0664014 -0.0632998 0.0664014 1 P 0
L 0.1017018 -0.1684014 0.1017018 -0.0935974 1 P 0
L -0.1019998 -0.2028106 -0.1019998 -0.1791886 1 P 0
L -0.103 -0.041496 -0.103 -0.0285039 1 P 0
L -0.1038118 -0.1580006 -0.0801898 -0.1580006 1 P 0
L -0.1051732 0.0043465 -0.1051732 0.0476535 1 P 0
L -0.106 0.2605039 -0.106 0.2734961 1 P 0
L -0.106 0.286504 -0.106 0.2994961 1 P 0
L -0.1073465 0.1201732 -0.1073465 0.1418268 1 P 0
L -0.109496 -0.035 -0.0965039 -0.035 1 P 0
L 0.1099094 0.3835021 0.1233766 0.4204972 1 P 0
L -0.1107018 -0.1205986 -0.0732998 -0.1205986 1 P 0
L -0.1107018 -0.1954026 -0.0732998 -0.1954026 1 P 0
L -0.1107018 -0.1954026 -0.1107018 -0.1205986 1 P 0
L -0.112496 0.267 -0.0995039 0.267 1 P 0
L -0.112496 0.293 -0.0995039 0.293 1 P 0
L -0.1138118 -0.1910006 -0.0901898 -0.1910006 1 P 0
L 0.1145118 -0.0075118 0.3034882 -0.0075118 1 P 0
L 0.1145118 -0.1964882 0.1145118 -0.0075118 1 P 0
L 0.1145118 -0.1964882 0.3034882 -0.1964882 1 P 0
L -0.116 0.019504 -0.116 0.0324961 1 P 0
L -0.1169998 0.1893151 -0.1169998 0.2286851 1 P 0
L -0.1207018 -0.1535986 -0.0832998 -0.1535986 1 P 0
L -0.1207018 -0.2284026 -0.0832998 -0.2284026 1 P 0
L -0.1207018 -0.2284026 -0.1207018 -0.1535986 1 P 0
L -0.1212982 -0.1954026 -0.1212982 -0.1205986 1 P 0
L -0.1224961 0.026 -0.109504 0.026 1 P 0
L -0.1246535 -0.0241732 -0.0813465 -0.0241732 1 P 0
L -0.1246535 -0.0458268 -0.0813465 -0.0458268 1 P 0
L -0.1246535 -0.0458268 -0.1246535 -0.0241732 1 P 0
L -0.1268268 0.0043465 -0.1051732 0.0043465 1 P 0
L -0.1268268 0.0043465 -0.1268268 0.0476535 1 P 0
L -0.1268268 0.0476535 -0.1051732 0.0476535 1 P 0
L 0.1271575 0.0643465 0.1271575 0.1076535 1 P 0
L 0.1271575 0.0643465 0.1468425 0.0643465 1 P 0
L 0.1271575 0.1076535 0.1468425 0.1076535 1 P 0
L -0.1276535 0.2571575 -0.0843465 0.2571575 1 P 0
L -0.1276535 0.2571575 -0.1276535 0.2768425 1 P 0
L -0.1276535 0.2768425 -0.0843465 0.2768425 1 P 0
L -0.1276535 0.2821732 -0.0843465 0.2821732 1 P 0
L -0.1276535 0.2821732 -0.1276535 0.3038268 1 P 0
L -0.1276535 0.3038268 -0.0843465 0.3038268 1 P 0
L -0.129 0.1245039 -0.129 0.137496 1 P 0
L -0.13 0.1873149 -0.13 0.226685 1 P 0
L 0.1305039 0.086 0.1434961 0.086 1 P 0
L -0.135496 0.131 -0.1225039 0.131 1 P 0
L -0.1366858 0.2089991 -0.0973158 0.2089991 1 P 0
L 0.137 0.079504 0.137 0.0924961 1 P 0
L -0.1378504 0.0554725 -0.1378504 0.1145276 1 P 0
L 0.1383458 0.170126 0.1383458 0.340598 1 P 0
L -0.1400002 -0.1698106 -0.1400002 -0.1461886 1 P 0
L 0.1413107 0.0401181 0.1413107 0.1277165 1 P 0
L 0.1413107 0.0401181 0.2594209 0.0401181 1 P 0
L 0.1413107 0.1277165 0.2594209 0.1277165 1 P 0
L -0.1424791 0.3050353 0.0446344 0.3380283 1 P 0
L 0.1432047 0.2064882 0.1432047 0.2517638 1 P 0
L 0.1432047 0.2064882 0.2081653 0.2064882 1 P 0
L 0.1432047 0.2517638 0.2081653 0.2517638 1 P 0
L 0.1468425 0.0643465 0.1468425 0.1076535 1 P 0
L -0.1485974 0.0172998 -0.1485974 0.0547018 1 P 0
L -0.1487559 -0.0502441 -0.1487559 0.0442441 1 P 0
L -0.149685 0.207 -0.1103149 0.207 1 P 0
L -0.1506535 0.1201732 -0.1073465 0.1201732 1 P 0
L -0.1506535 0.1201732 -0.1506535 0.1418268 1 P 0
L -0.1506535 0.1418268 -0.1073465 0.1418268 1 P 0
L -0.1518102 -0.1580006 -0.1281882 -0.1580006 1 P 0
L -0.1524338 0.1662831 -0.0815678 0.1662831 1 P 0
L -0.1524338 0.1662831 -0.1524338 0.2517171 1 P 0
L -0.1524338 0.2517171 -0.0815678 0.2517171 1 P 0
L 0.1531575 0.1503229 0.1531575 0.1936299 1 P 0
L 0.1531575 0.1503229 0.1728425 0.1503229 1 P 0
L 0.1531575 0.1936299 0.1728425 0.1936299 1 P 0
L 0.1565039 0.1719764 0.1694961 0.1719764 1 P 0
L 0.1581575 0.2613465 0.1581575 0.3046535 1 P 0
L 0.1581575 0.2613465 0.1778425 0.2613465 1 P 0
L 0.1581575 0.3046535 0.1778425 0.3046535 1 P 0
L 0.1585986 -0.0027018 0.1585986 0.0347002 1 P 0
L 0.1585986 -0.0027018 0.2334026 -0.0027018 1 P 0
L 0.1585986 0.0347002 0.2334026 0.0347002 1 P 0
L -0.1587002 -0.1205986 -0.1212982 -0.1205986 1 P 0
L -0.1587002 -0.1954026 -0.1212982 -0.1954026 1 P 0
L -0.1587002 -0.1954026 -0.1587002 -0.1205986 1 P 0
L -0.1592998 -0.3194026 -0.1592998 -0.2445986 1 P 0
L 0.1615039 0.283 0.1744961 0.283 1 P 0
L 0.163 0.1654804 0.163 0.1784725 1 P 0
L -0.1650532 0.4330602 0.0220602 0.4660532 1 P 0
L -0.1650532 0.4330602 -0.1424791 0.3050353 1 P 0
L 0.1668504 -0.276378 0.2731496 -0.276378 1 P 0
L 0.1668504 -0.323622 0.1668504 -0.276378 1 P 0
L 0.1668504 -0.323622 0.2731496 -0.323622 1 P 0
L 0.167811 0.229126 0.183559 0.229126 1 P 0
L 0.1678504 -0.329378 0.2741496 -0.329378 1 P 0
L 0.1678504 -0.376622 0.1678504 -0.329378 1 P 0
L 0.1678504 -0.376622 0.2741496 -0.376622 1 P 0
L 0.168 0.276504 0.168 0.2894961 1 P 0
L 0.1728425 0.1503229 0.1728425 0.1936299 1 P 0
L -0.1732998 -0.1944026 -0.1732998 -0.1195986 1 P 0
L 0.1735986 -0.2022998 0.2484026 -0.2022998 1 P 0
L 0.1735986 -0.2397018 0.1735986 -0.2022998 1 P 0
L 0.1735986 -0.2397018 0.2484026 -0.2397018 1 P 0
L 0.175685 0.221252 0.175685 0.237 1 P 0
L 0.1778425 0.2613465 0.1778425 0.3046535 1 P 0
L -0.1779998 -0.2938106 -0.1779998 -0.2701886 1 P 0
L -0.1823465 0.1141575 -0.1823465 0.1338425 1 P 0
L -0.1823701 0.1431575 -0.1823701 0.1628425 1 P 0
L -0.1841732 0.1883465 -0.1841732 0.2316535 1 P 0
L 0.1841886 0.0160002 0.2078106 0.0160002 1 P 0
L -0.184504 -0.200496 -0.184504 -0.137504 1 P 0
L -0.1859994 0.0241898 -0.1859994 0.0478118 1 P 0
L -0.1870866 0.1597559 -0.0729134 0.1597559 1 P 0
L -0.1870866 0.1597559 -0.1870866 0.254244 1 P 0
L -0.1870866 0.254244 -0.0729134 0.254244 1 P 0
L 0.1885548 0.0844094 0.2121768 0.0844094 1 P 0
L -0.1889763 -0.5072244 -0.1889567 -0.2484055 1 P 0
L 0.1889764 -0.5072244 0.1889764 -0.2484055 1 P 0
L -0.1889764 -0.5072244 0.1889764 -0.5072244 1 P 0
L -0.1889765 -0.2484055 0.1889764 -0.2484055 1 P 0
L 0.189315 -0.102 0.228685 -0.102 1 P 0
L -0.1898118 -0.2820006 -0.1661898 -0.2820006 1 P 0
L -0.191 0.0662993 -0.191 0.1037008 2 P 0
L -0.1920018 -0.1688106 -0.1920018 -0.1451886 1 P 0
L -0.195 0.203504 -0.195 0.2164961 1 P 0
L -0.196 -0.010874 -0.196 0.004874 1 P 0
L 0.1960006 0.0041882 0.1960006 0.0278102 1 P 0
L -0.1963465 0.0861575 -0.1963465 0.1058425 1 P 0
L -0.1967018 -0.2445986 -0.1592998 -0.2445986 1 P 0
L -0.1967018 -0.3194026 -0.1592998 -0.3194026 1 P 0
L -0.1967018 -0.3194026 -0.1967018 -0.2445986 1 P 0
L -0.1978114 0.0359998 -0.1741894 0.0359998 1 P 0
L 0.1991886 -0.2209998 0.2228106 -0.2209998 1 P 0
L -0.2 -0.4521457 0.1999999 -0.4521457 2 P 0
L 0.2003658 0.0725984 0.2003658 0.0962204 1 P 0
L 0.2012992 -0.3 0.2387008 -0.3 1 P 0
L -0.2014961 0.21 -0.188504 0.21 1 P 0
L -0.202 -0.121622 -0.202 -0.0743779 1 P 0
L 0.2020624 0.3443066 0.2191623 0.3912905 1 P 0
L 0.2022992 -0.353 0.2397008 -0.353 1 P 0
L -0.2038118 -0.1570006 -0.1801898 -0.1570006 1 P 0
L -0.203874 -0.003 -0.188126 -0.003 1 P 0
L -0.204 0.1175039 -0.204 0.1304961 1 P 0
L -0.2040236 0.1465039 -0.2040236 0.1594961 1 P 0
L 0.2051575 0.2633465 0.2051575 0.3066535 1 P 0
L 0.2051575 0.2633465 0.2248425 0.2633465 1 P 0
L 0.2051575 0.3066535 0.2248425 0.3066535 1 P 0
L -0.2058268 0.1883465 -0.1841732 0.1883465 1 P 0
L -0.2058268 0.1883465 -0.2058268 0.2316535 1 P 0
L -0.2058268 0.2316535 -0.1841732 0.2316535 1 P 0
L 0.2081653 0.2064882 0.2081653 0.2517638 1 P 0
L 0.2085039 0.285 0.2214961 0.285 1 P 0
L 0.209 -0.121685 0.209 -0.082315 1 P 0
L -0.2097008 0.085 -0.1722992 0.085 2 P 0
L 0.2102683 -0.2937837 0.2770808 -0.3605976 1 P 0
L 0.2102683 -0.2937837 0.2937855 -0.2102678 1 P 0
L 0.2102683 0.2937853 0.2770823 0.3605977 1 P 0
L 0.2102683 0.2937853 0.2937842 0.2102681 1 P 0
L -0.210496 0.124 -0.1975039 0.124 1 P 0
L -0.2105196 0.153 -0.1975275 0.153 1 P 0
L -0.2107018 -0.1195986 -0.1732998 -0.1195986 1 P 0
L -0.2107018 -0.1944026 -0.1732998 -0.1944026 1 P 0
L -0.2107018 -0.1944026 -0.2107018 -0.1195986 1 P 0
L 0.2110006 -0.2328118 0.2110006 -0.2091898 1 P 0
L 0.215 0.278504 0.215 0.2914961 1 P 0
L -0.216 -0.176874 -0.216 -0.161126 1 P 0
L -0.218 0.0895039 -0.218 0.1024961 1 P 0
L 0.22 -0.3187008 0.22 -0.2812992 1 P 0
L -0.2201732 0.1163465 -0.2201732 0.1596535 1 P 0
L 0.221 -0.3717008 0.221 -0.3342992 1 P 0
L -0.2234014 0.0172998 -0.1485974 0.0172998 1 P 0
L -0.2234014 0.0172998 -0.2234014 0.0547018 1 P 0
L -0.2234014 0.0547018 -0.1485974 0.0547018 1 P 0
L -0.223874 -0.169 -0.208126 -0.169 1 P 0
L -0.2244961 0.096 -0.211504 0.096 1 P 0
L 0.2248425 0.2633465 0.2248425 0.3066535 1 P 0
L -0.2256535 0.1141575 -0.1823465 0.1141575 1 P 0
L -0.2256535 0.1141575 -0.2256535 0.1338425 1 P 0
L -0.2256535 0.1338425 -0.1823465 0.1338425 1 P 0
L -0.2256771 0.1431575 -0.1823701 0.1431575 1 P 0
L -0.2256771 0.1431575 -0.2256771 0.1628425 1 P 0
L -0.2256771 0.1628425 -0.1823701 0.1628425 1 P 0
L -0.231 0.1315039 -0.231 0.144496 1 P 0
L 0.2334026 -0.0027018 0.2334026 0.0347002 1 P 0
L -0.237496 0.138 -0.2245039 0.138 1 P 0
L -0.2396535 0.0861575 -0.1963465 0.0861575 1 P 0
L -0.2396535 0.0861575 -0.2396535 0.1058425 1 P 0
L -0.2396535 0.1058425 -0.1963465 0.1058425 1 P 0
L -0.2418268 0.1163465 -0.2201732 0.1163465 1 P 0
L -0.2418268 0.1163465 -0.2418268 0.1596535 1 P 0
L -0.2418268 0.1596535 -0.2201732 0.1596535 1 P 0
L -0.2432441 0.0442441 -0.1487559 0.0442441 1 P 0
L -0.2432441 -0.0502441 -0.1487559 -0.0502441 1 P 0
L -0.2432441 -0.0502441 -0.2432441 0.0442441 1 P 0
L -0.2441496 0.0554725 -0.1378504 0.0554725 1 P 0
L -0.2441496 0.0554725 -0.2441496 0.1145276 1 P 0
L -0.2441496 0.1145276 -0.1378504 0.1145276 1 P 0
L -0.247496 -0.137504 -0.184504 -0.137504 1 P 0
L -0.247496 -0.200496 -0.184504 -0.200496 1 P 0
L -0.247496 -0.200496 -0.247496 -0.137504 1 P 0
L 0.2484026 -0.2397018 0.2484026 -0.2022998 1 P 0
L -0.2491575 -0.0644645 -0.2491575 -0.0211575 1 P 0
L 0.2505974 -0.0027002 0.2505974 0.0347018 1 P 0
L 0.2505974 -0.0027002 0.3254014 -0.0027002 1 P 0
L 0.2505974 0.0347018 0.3254014 0.0347018 1 P 0
L -0.2510394 0.1200394 -0.2510394 0.2499606 1 P 0
L -0.2513465 -0.0108268 -0.2513465 0.0108268 1 P 0
L -0.252 -0.117685 -0.252 -0.0783149 1 P 0
L -0.2530394 0.0087874 -0.2530394 0.1072126 1 P 0
L 0.2531575 0.0623465 0.2531575 0.1056535 1 P 0
L 0.2531575 0.0623465 0.2728425 0.0623465 1 P 0
L 0.2531575 0.1056535 0.2728425 0.1056535 1 P 0
L -0.2531732 0.0133465 -0.2531732 0.0566535 1 P 0
L 0.2565039 0.084 0.2694961 0.084 1 P 0
L -0.259 -0.049307 -0.259 -0.0363149 1 P 0
L 0.2594209 0.0401181 0.2594209 0.1277165 1 P 0
L 0.263 0.0775039 0.263 0.090496 1 P 0
L -0.264 0.028504 -0.264 0.0414961 1 P 0
L -0.2654961 -0.042811 -0.2525039 -0.042811 1 P 0
L -0.2688425 -0.0211575 -0.2491575 -0.0211575 1 P 0
L -0.2688425 -0.0644645 -0.2491575 -0.0644645 1 P 0
L -0.2688425 -0.0644645 -0.2688425 -0.0211575 1 P 0
L -0.2704961 0.035 -0.257504 0.035 1 P 0
L 0.2715132 -0.2993522 0.299353 -0.2715133 1 P 0
L 0.2715135 -0.271513 0.2993525 -0.2993525 1 P 0
L 0.2715135 0.2715135 0.299353 0.2993525 1 P 0
L 0.2715138 0.2993528 0.2993527 0.271513 1 P 0
L -0.271685 -0.098 -0.2323149 -0.098 1 P 0
L 0.2728425 0.0623465 0.2728425 0.1056535 1 P 0
L -0.273 -0.0064961 -0.273 0.006496 1 P 0
L 0.2731496 -0.323622 0.2731496 -0.276378 1 P 0
L -0.2731575 0.2523229 -0.2731575 0.2956299 1 P 0
L -0.2731732 -0.0644645 -0.2731732 -0.0211575 1 P 0
L 0.2741496 -0.376622 0.2741496 -0.329378 1 P 0
L -0.2748268 0.0133465 -0.2531732 0.0133465 1 P 0
L -0.2748268 0.0133465 -0.2748268 0.0566535 1 P 0
L -0.2748268 0.0566535 -0.2531732 0.0566535 1 P 0
L 0.2761894 0.0159998 0.2998114 0.0159998 1 P 0
L -0.2770805 0.3605982 -0.2102681 0.2937842 1 P 0
L 0.2770808 -0.3605976 0.3605979 -0.2770818 1 P 0
L -0.2770823 -0.3605977 -0.2102683 -0.2937853 1 P 0
L 0.2770823 0.3605977 0.3605982 0.2770805 1 P 0
L -0.2771732 0.0133465 -0.2771732 0.0566535 1 P 0
L 0.2792982 0.1195974 0.2792982 0.1944014 1 P 0
L 0.2792982 0.1195974 0.3167002 0.1195974 1 P 0
L 0.2792982 0.1944014 0.3167002 0.1944014 1 P 0
L -0.2794961 0 -0.266504 0 1 P 0
L -0.283 0.2674804 -0.283 0.2804725 1 P 0
L -0.284 -0.0493071 -0.284 -0.036315 1 P 0
L 0.2861882 0.1569994 0.3098102 0.1569994 1 P 0
L 0.2879994 0.0041898 0.2879994 0.0278118 1 P 0
L -0.288 0.0285039 -0.288 0.041496 1 P 0
L -0.2894961 0.2739764 -0.2765039 0.2739764 1 P 0
L -0.290496 -0.042811 -0.2775039 -0.042811 1 P 0
L -0.2928425 0.2523229 -0.2731575 0.2523229 1 P 0
L -0.2928425 0.2523229 -0.2928425 0.2956299 1 P 0
L -0.2928425 0.2956299 -0.2731575 0.2956299 1 P 0
L -0.2937842 -0.2102681 -0.2102683 -0.2937853 1 P 0
L 0.2937842 0.2102681 0.3605982 0.2770805 1 P 0
L -0.2937853 0.2102683 -0.2102681 0.2937842 1 P 0
L 0.2937855 -0.2102678 0.3605979 -0.2770818 1 P 0
L -0.294496 0.035 -0.2815039 0.035 1 P 0
L -0.2946535 -0.0108268 -0.2513465 -0.0108268 1 P 0
L -0.2946535 0.0108268 -0.2513465 0.0108268 1 P 0
L -0.2946535 -0.0108268 -0.2946535 0.0108268 1 P 0
L -0.2948268 -0.0211575 -0.2731732 -0.0211575 1 P 0
L -0.2948268 -0.0644645 -0.2731732 -0.0644645 1 P 0
L -0.2948268 -0.0644645 -0.2948268 -0.0211575 1 P 0
L 0.2979982 0.1451894 0.2979982 0.1688114 1 P 0
L -0.2988268 0.0133465 -0.2771732 0.0133465 1 P 0
L -0.2988268 0.0133465 -0.2988268 0.0566535 1 P 0
L -0.2988268 0.0566535 -0.2771732 0.0566535 1 P 0
L -0.2991575 0.2761732 -0.2991575 0.2978268 1 P 0
L -0.2993465 0.2531575 -0.2993465 0.2728425 1 P 0
L -0.2993525 0.299353 -0.2715135 0.2715135 1 P 0
L -0.2993528 -0.271513 -0.2715138 -0.2993528 1 P 0
L -0.2993528 0.2715138 -0.271513 0.2993527 1 P 0
L -0.299353 -0.2993525 -0.2715135 -0.2715135 1 P 0
L -0.302 -0.0743779 -0.202 -0.0743779 1 P 0
L -0.302 -0.121622 -0.202 -0.121622 1 P 0
L -0.302 -0.121622 -0.302 -0.0743779 1 P 0
L 0.3034882 -0.1964882 0.3034882 -0.0075118 1 P 0
L -0.3043297 -0.3483092 -0.1978399 -0.2737443 1 P 0
L -0.3056301 -0.1905512 -0.3056301 -0.0094488 1 P 0
L -0.3068194 -0.1181054 -0.1978399 -0.2737443 1 P 0
L -0.316 0.165315 -0.316 0.204685 1 P 0
L 0.3167002 0.1195974 0.3167002 0.1944014 1 P 0
L -0.318 0.038315 -0.318 0.077685 1 P 0
L -0.320811 0.280504 -0.320811 0.2934961 1 P 0
L -0.321 0.2565039 -0.321 0.2694961 1 P 0
L 0.3242982 0.1195974 0.3242982 0.1944014 1 P 0
L 0.3242982 0.1195974 0.3617002 0.1195974 1 P 0
L 0.3242982 0.1944014 0.3617002 0.1944014 1 P 0
L 0.3254014 -0.0027002 0.3254014 0.0347018 1 P 0
L -0.327307 0.287 -0.3143149 0.287 1 P 0
L 0.3273465 0.1163465 0.3273465 0.1360315 1 P 0
L 0.3273465 0.1163465 0.3706535 0.1163465 1 P 0
L 0.3273465 0.1360315 0.3706535 0.1360315 1 P 0
L 0.3273465 0.1403465 0.3273465 0.1600315 1 P 0
L 0.3273465 0.1403465 0.3706535 0.1403465 1 P 0
L 0.3273465 0.1600315 0.3706535 0.1600315 1 P 0
L -0.327496 0.263 -0.3145039 0.263 1 P 0
L 0.3311882 0.1569994 0.3548102 0.1569994 1 P 0
L 0.3314724 -0.1128504 0.3905275 -0.1128504 1 P 0
L 0.3314724 -0.2191496 0.3314724 -0.1128504 1 P 0
L 0.3314724 -0.2191496 0.3905275 -0.2191496 1 P 0
L -0.335685 0.185 -0.296315 0.185 1 P 0
L -0.337685 0.058 -0.298315 0.058 1 P 0
L 0.3422992 -0.166 0.3797007 -0.166 2 P 0
L -0.3424645 0.2761732 -0.2991575 0.2761732 1 P 0
L -0.3424645 0.2761732 -0.3424645 0.2978268 1 P 0
L -0.3424645 0.2978268 -0.2991575 0.2978268 1 P 0
L 0.3425039 0.126189 0.355496 0.126189 1 P 0
L 0.3425039 0.150189 0.355496 0.150189 1 P 0
L -0.3426535 0.2531575 -0.2993465 0.2531575 1 P 0
L -0.3426535 0.2531575 -0.3426535 0.2728425 1 P 0
L -0.3426535 0.2728425 -0.2993465 0.2728425 1 P 0
L 0.3429982 0.1451894 0.3429982 0.1688114 1 P 0
L -0.3450002 -0.119685 -0.3450002 -0.0803149 2 P 0
L 0.349 0.1196929 0.349 0.1326851 1 P 0
L 0.349 0.1436929 0.349 0.1566851 1 P 0
L -0.3605977 0.2770823 -0.2770805 0.3605982 1 P 0
L -0.3605977 0.2770823 -0.2937853 0.2102683 1 P 0
L -0.3605982 -0.2770805 -0.2770823 -0.3605977 1 P 0
L -0.3605982 -0.2770805 -0.2937842 -0.2102681 1 P 0
L 0.361 -0.1847008 0.361 -0.1472992 2 P 0
L 0.3617002 0.1195974 0.3617002 0.1944014 1 P 0
L -0.3646852 -0.1 -0.3253152 -0.1 2 P 0
L 0.3706535 0.1163465 0.3706535 0.1360315 1 P 0
L 0.3706535 0.1403465 0.3706535 0.1600315 1 P 0
L -0.3809606 0.1200394 -0.2510394 0.1200394 1 P 0
L -0.3809606 0.1200394 -0.3809606 0.2499606 1 P 0
L -0.3809606 0.2499606 -0.2510394 0.2499606 1 P 0
L -0.3829606 0.0087874 -0.2530394 0.0087874 1 P 0
L -0.3829606 0.0087874 -0.3829606 0.1072126 1 P 0
L -0.3829606 0.1072126 -0.2530394 0.1072126 1 P 0
L -0.3843703 -0.0094488 -0.3056301 -0.0094488 1 P 0
L -0.3843703 -0.1905512 -0.3056301 -0.1905512 1 P 0
L -0.3843703 -0.1905512 -0.3843703 -0.0094488 1 P 0
L 0.3881732 0.1165355 0.3881732 0.1598425 1 P 0
L 0.3881732 0.1165355 0.4098268 0.1165355 1 P 0
L 0.3881732 0.1598425 0.4098268 0.1598425 1 P 0
L 0.3905275 -0.2191496 0.3905275 -0.1128504 1 P 0
L 0.392504 0.138189 0.4054961 0.138189 1 P 0
L 0.3949779 0.0538184 0.3949779 0.0813784 1 P 0
L 0.3949779 0.0538184 0.4422219 0.0538184 1 P 0
L 0.3949779 0.0813784 0.4422219 0.0813784 1 P 0
L 0.399 0.1316929 0.399 0.144685 1 P 0
L -0.4 -0.0236851 -0.4 0.015685 2 P 0
L 0.4098268 0.1165355 0.4098268 0.1598425 1 P 0
L 0.4107259 0.0675984 0.4264739 0.0675984 1 P 0
L -0.4133092 -0.1926703 -0.3043297 -0.3483092 1 P 0
L -0.4133092 -0.1926703 -0.3068194 -0.1181054 1 P 0
L 0.4185999 0.0597244 0.4185999 0.0754724 1 P 0
L -0.4196851 -0.004 -0.380315 -0.004 2 P 0
L 0.4422219 0.0538184 0.4422219 0.0813784 1 P 0
