#Layer_Color=32768
#
#Feature symbol names
#
$0 r1.9685
$1 r3.937

#
#Feature attribute names
#

#
#Layer features
#
L 0.0523771 1.1462196 0.0523771 1.1737796 0 P 0
L 0.0523771 1.1462196 0.0996211 1.1462196 0 P 0
L 0.0523771 1.1737796 0.0996211 1.1737796 0 P 0
L 0.0681251 1.1599996 0.0838731 1.1599996 0 P 0
L 0.0759991 1.1521256 0.0759991 1.1678736 0 P 0
L 0.0861575 1.0463229 0.0861575 1.0896299 0 P 0
L 0.0861575 1.0463229 0.1058425 1.0463229 0 P 0
L 0.0861575 1.0896299 0.1058425 1.0896299 0 P 0
L 0.0895039 1.0679764 0.1024961 1.0679764 0 P 0
L 0.096 1.0614803 0.096 1.0744724 0 P 0
L 0.0996211 1.1462196 0.0996211 1.1737796 0 P 0
L 0.1058425 1.0463229 0.1058425 1.0896299 0 P 0
L 0.1103465 1.0691496 0.1103465 1.0908032 0 P 0
L 0.1103465 1.0691496 0.1536535 1.0691496 0 P 0
L 0.1103465 1.0908032 0.1536535 1.0908032 0 P 0
L 0.1255039 1.0799764 0.138496 1.0799764 0 P 0
L 0.132 1.0734803 0.132 1.0864724 0 P 0
L 0.1536535 1.0691496 0.1536535 1.0908032 0 P 0
L 0.1601575 1.0473229 0.1601575 1.0906299 0 P 0
L 0.1601575 1.0473229 0.1798425 1.0473229 0 P 0
L 0.1601575 1.0906299 0.1798425 1.0906299 0 P 0
L 0.1635039 1.0689764 0.1764961 1.0689764 0 P 0
L 0.17 1.0624803 0.17 1.0754724 0 P 0
L 0.1798425 1.0473229 0.1798425 1.0906299 0 P 0
L 0.506 1.786 0.506 1.916 0 P 0
L 0.506 1.786 0.696 1.786 0 P 0
L 0.506 1.916 0.696 1.916 0 P 0
L 0.5162982 1.4995974 0.5162982 1.5744014 0 P 0
L 0.5162982 1.4995974 0.5537002 1.4995974 0 P 0
L 0.5162982 1.5744014 0.5537002 1.5744014 0 P 0
L 0.5231882 1.5369994 0.5468102 1.5369994 0 P 0
L 0.5350002 1.5251894 0.5350002 1.5488114 0 P 0
L 0.5537002 1.4995974 0.5537002 1.5744014 0 P 0
L 0.5841732 1.5143465 0.5841732 1.5576535 0 P 0
L 0.5841732 1.5143465 0.6058268 1.5143465 0 P 0
L 0.5841732 1.5576535 0.6058268 1.5576535 0 P 0
L 0.5885039 1.536 0.601496 1.536 0 P 0
L 0.595 1.529504 0.595 1.5424961 0 P 0
L 0.5971575 1.0123465 0.5971575 1.0556535 0 P 0
L 0.5971575 1.0123465 0.6168425 1.0123465 0 P 0
L 0.5971575 1.0556535 0.6168425 1.0556535 0 P 0
L 0.6005039 1.034 0.6134961 1.034 0 P 0
L 0.6058268 1.5143465 0.6058268 1.5576535 0 P 0
L 0.607 1.0275039 0.607 1.040496 0 P 0
L 0.6168425 1.0123465 0.6168425 1.0556535 0 P 0
L 0.6175037 1.5715047 0.6175037 1.6344967 0 P 0
L 0.6175037 1.5715047 0.6804957 1.5715047 0 P 0
L 0.6175037 1.6344967 0.6804957 1.6344967 0 P 0
L 0.6385197 1.0643622 0.6385197 1.1096378 0 P 0
L 0.6385197 1.0643622 0.7034803 1.0643622 0 P 0
L 0.6385197 1.1096378 0.7034803 1.1096378 0 P 0
L 0.6411257 1.6030007 0.6568737 1.6030007 0 P 0
L 0.6483465 1.1181575 0.6483465 1.1378425 0 P 0
L 0.6483465 1.1181575 0.6916535 1.1181575 0 P 0
L 0.6483465 1.1378425 0.6916535 1.1378425 0 P 0
L 0.6489997 1.5951267 0.6489997 1.6108747 0 P 0
L 0.663126 1.087 0.678874 1.087 0 P 0
L 0.6635039 1.128 0.676496 1.128 0 P 0
L 0.67 1.1215039 0.67 1.1344961 0 P 0
L 0.671 1.079126 0.671 1.094874 0 P 0
L 0.6804957 1.5715047 0.6804957 1.6344967 0 P 0
L 0.6916535 1.1181575 0.6916535 1.1378425 0 P 0
L 0.696 1.786 0.696 1.916 0 P 0
L 0.7012982 1.5145974 0.7012982 1.5894014 0 P 0
L 0.7012982 1.5145974 0.7387002 1.5145974 0 P 0
L 0.7012982 1.5894014 0.7387002 1.5894014 0 P 0
L 0.7034803 1.0643622 0.7034803 1.1096378 0 P 0
L 0.7081882 1.5519994 0.7318102 1.5519994 0 P 0
L 0.7101575 0.9663465 0.7101575 1.0096535 0 P 0
L 0.7101575 0.9663465 0.7298425 0.9663465 0 P 0
L 0.7101575 1.0096535 0.7298425 1.0096535 0 P 0
L 0.7135039 0.988 0.7264961 0.988 0 P 0
L 0.72 0.9815039 0.72 0.994496 0 P 0
L 0.7200002 1.5401894 0.7200002 1.5638114 0 P 0
L 0.7298425 0.9663465 0.7298425 1.0096535 0 P 0
L 0.7302677 0.9622677 0.7302677 1.2457323 1 P 0
L 0.7302677 0.9622677 1.0137323 0.9622677 1 P 0
L 0.7302677 1.2457323 1.0137323 1.2457323 1 P 0
L 0.7387002 1.5145974 0.7387002 1.5894014 0 P 0
L 0.7571575 0.8173465 0.7571575 0.8606535 0 P 0
L 0.7571575 0.8173465 0.7768425 0.8173465 0 P 0
L 0.7571575 0.8606535 0.7768425 0.8606535 0 P 0
L 0.7605039 0.839 0.7734961 0.839 0 P 0
L 0.767 0.832504 0.767 0.8454961 0 P 0
L 0.7742982 1.5135974 0.7742982 1.5884014 0 P 0
L 0.7742982 1.5135974 0.8117002 1.5135974 0 P 0
L 0.7742982 1.5884014 0.8117002 1.5884014 0 P 0
L 0.7768425 0.8173465 0.7768425 0.8606535 0 P 0
L 0.7811882 1.5509994 0.8048102 1.5509994 0 P 0
L 0.7879449 0.7956929 0.7879449 0.8832913 0 P 0
L 0.7879449 0.7956929 0.9060551 0.7956929 0 P 0
L 0.7879449 0.8832913 0.9060551 0.8832913 0 P 0
L 0.7930002 1.5391894 0.7930002 1.5628114 0 P 0
L 0.8053465 0.9191575 0.8053465 0.9388425 0 P 0
L 0.8053465 0.9191575 0.8486535 0.9191575 0 P 0
L 0.8053465 0.9388425 0.8486535 0.9388425 0 P 0
L 0.8117002 1.5135974 0.8117002 1.5884014 0 P 0
L 0.820504 0.929 0.8334961 0.929 0 P 0
L 0.827 0.9225039 0.827 0.9354961 0 P 0
L 0.835189 0.839 0.858811 0.839 0 P 0
L 0.847 0.827189 0.847 0.850811 0 P 0
L 0.8486535 0.9191575 0.8486535 0.9388425 0 P 0
L 0.852315 1.104 0.891685 1.104 1 P 0
L 0.8611732 1.2883465 0.8611732 1.3316535 0 P 0
L 0.8611732 1.2883465 0.8828268 1.2883465 0 P 0
L 0.8611732 1.3316535 0.8828268 1.3316535 0 P 0
L 0.8655039 1.31 0.878496 1.31 0 P 0
L 0.872 1.084315 0.872 1.123685 1 P 0
L 0.872 1.303504 0.872 1.3164961 0 P 0
L 0.8828268 1.2883465 0.8828268 1.3316535 0 P 0
L 0.8861732 1.2883465 0.8861732 1.3316535 0 P 0
L 0.8861732 1.2883465 0.9078268 1.2883465 0 P 0
L 0.8861732 1.3316535 0.9078268 1.3316535 0 P 0
L 0.8905039 1.31 0.903496 1.31 0 P 0
L 0.897 1.303504 0.897 1.3164961 0 P 0
L 0.9060551 0.7956929 0.9060551 0.8832913 0 P 0
L 0.9078268 1.2883465 0.9078268 1.3316535 0 P 0
L 0.9091575 0.8103465 0.9091575 0.8536535 0 P 0
L 0.9091575 0.8103465 0.9288425 0.8103465 0 P 0
L 0.9091575 0.8536535 0.9288425 0.8536535 0 P 0
L 0.9125039 0.832 0.9254961 0.832 0 P 0
L 0.919 0.8255039 0.919 0.838496 0 P 0
L 0.9288425 0.8103465 0.9288425 0.8536535 0 P 0
L 1.0137323 0.9622677 1.0137323 1.2457323 1 P 0
L 1.0151575 1.1913465 1.0151575 1.2346535 0 P 0
L 1.0151575 1.1913465 1.0348425 1.1913465 0 P 0
L 1.0151575 1.2346535 1.0348425 1.2346535 0 P 0
L 1.0185039 1.213 1.0314961 1.213 0 P 0
L 1.025 1.206504 1.025 1.2194961 0 P 0
L 1.0271575 0.9623465 1.0271575 1.0056535 0 P 0
L 1.0271575 0.9623465 1.0468425 0.9623465 0 P 0
L 1.0271575 1.0056535 1.0468425 1.0056535 0 P 0
L 1.0305039 0.984 1.0434961 0.984 0 P 0
L 1.0324725 0.8055827 1.0324725 0.8784174 0 P 0
L 1.0324725 0.8055827 1.0915276 0.8055827 0 P 0
L 1.0324725 0.8784174 1.0915276 0.8784174 0 P 0
L 1.0348425 1.1913465 1.0348425 1.2346535 0 P 0
L 1.037 0.9775039 1.037 0.990496 0 P 0
L 1.042315 0.842 1.0816851 0.842 1 P 0
L 1.0468425 0.9623465 1.0468425 1.0056535 0 P 0
L 1.062 0.822315 1.062 0.8616851 1 P 0
L 1.0915276 0.8055827 1.0915276 0.8784174 0 P 0
L 1.1009606 1.288189 1.1009606 1.331496 0 P 0
L 1.1009606 1.288189 1.1226142 1.288189 0 P 0
L 1.1009606 1.331496 1.1226142 1.331496 0 P 0
L 1.1011732 0.8213465 1.1011732 0.8646535 0 P 0
L 1.1011732 0.8213465 1.1228268 0.8213465 0 P 0
L 1.1011732 0.8646535 1.1228268 0.8646535 0 P 0
L 1.1052913 1.3098425 1.1182834 1.3098425 0 P 0
L 1.1055039 0.843 1.118496 0.843 0 P 0
L 1.1117874 1.3033465 1.1117874 1.3163386 0 P 0
L 1.112 0.836504 1.112 0.8494961 0 P 0
L 1.1226142 1.288189 1.1226142 1.331496 0 P 0
L 1.1228268 0.8213465 1.1228268 0.8646535 0 P 0
L 1.1346378 1.403315 1.1346378 1.4623701 0 P 0
L 1.1346378 1.403315 1.240937 1.403315 0 P 0
L 1.1346378 1.4623701 1.240937 1.4623701 0 P 0
L 1.1479449 1.289189 1.1479449 1.332496 0 P 0
L 1.1479449 1.289189 1.1676299 1.289189 0 P 0
L 1.1479449 1.332496 1.1676299 1.332496 0 P 0
L 1.1512913 1.3108425 1.1642835 1.3108425 0 P 0
L 1.1577874 1.3043464 1.1577874 1.3173385 0 P 0
L 1.1661339 1.348 1.1661339 1.367685 0 P 0
L 1.1661339 1.348 1.2094409 1.348 0 P 0
L 1.1661339 1.367685 1.2094409 1.367685 0 P 0
L 1.1661339 1.375 1.1661339 1.394685 0 P 0
L 1.1661339 1.375 1.2094409 1.375 0 P 0
L 1.1661339 1.394685 1.2094409 1.394685 0 P 0
L 1.1676299 1.289189 1.1676299 1.332496 0 P 0
L 1.1690866 1.4328425 1.2064882 1.4328425 1 P 0
L 1.1812913 1.3578425 1.1942834 1.3578425 0 P 0
L 1.1812913 1.3848425 1.1942834 1.3848425 0 P 0
L 1.1877874 1.3513464 1.1877874 1.3643386 0 P 0
L 1.1877874 1.3783464 1.1877874 1.3913386 0 P 0
L 1.1877874 1.4141418 1.1877874 1.4515433 1 P 0
L 1.1949449 1.288189 1.1949449 1.331496 0 P 0
L 1.1949449 1.288189 1.2146299 1.288189 0 P 0
L 1.1949449 1.331496 1.2146299 1.331496 0 P 0
L 1.1982913 1.3098425 1.2112835 1.3098425 0 P 0
L 1.2047874 1.3033465 1.2047874 1.3163386 0 P 0
L 1.2094409 1.348 1.2094409 1.367685 0 P 0
L 1.2094409 1.375 1.2094409 1.394685 0 P 0
L 1.2146299 1.288189 1.2146299 1.331496 0 P 0
L 1.2268268 1.2438819 1.2268268 1.3738031 0 P 0
L 1.2268268 1.2438819 1.356748 1.2438819 0 P 0
L 1.2268268 1.3738031 1.356748 1.3738031 0 P 0
L 1.240937 1.403315 1.240937 1.4623701 0 P 0
L 1.2513465 1.4131575 1.2513465 1.4328425 0 P 0
L 1.2513465 1.4131575 1.2946535 1.4131575 0 P 0
L 1.2513465 1.4328425 1.2946535 1.4328425 0 P 0
L 1.266504 1.423 1.2794961 1.423 0 P 0
L 1.2721024 1.3088425 1.3114724 1.3088425 0 P 0
L 1.273 1.4165039 1.273 1.4294961 0 P 0
L 1.2917874 1.2891575 1.2917874 1.3285275 0 P 0
L 1.2946535 1.4131575 1.2946535 1.4328425 0 P 0
L 1.3111732 1.3863465 1.3111732 1.4296535 0 P 0
L 1.3111732 1.3863465 1.3328268 1.3863465 0 P 0
L 1.3111732 1.4296535 1.3328268 1.4296535 0 P 0
L 1.3155039 1.408 1.328496 1.408 0 P 0
L 1.3185748 1.0458819 1.3185748 1.1758031 0 P 0
L 1.3185748 1.0458819 1.417 1.0458819 0 P 0
L 1.3185748 1.1758031 1.417 1.1758031 0 P 0
L 1.322 1.401504 1.322 1.4144961 0 P 0
L 1.3328268 1.3863465 1.3328268 1.4296535 0 P 0
L 1.3481024 1.1108425 1.3874724 1.1108425 0 P 0
L 1.356748 1.2438819 1.356748 1.3738031 0 P 0
L 1.3677874 1.0911575 1.3677874 1.1305275 0 P 0
L 1.3852983 0.6098258 1.3852983 0.6846298 0 P 0
L 1.3852983 0.6098258 1.4227003 0.6098258 0 P 0
L 1.3852983 0.6846298 1.4227003 0.6846298 0 P 0
L 1.3921883 0.6472278 1.4158103 0.6472278 0 P 0
L 1.4040003 0.6354178 1.4040003 0.6590398 0 P 0
L 1.417 1.0458819 1.417 1.1758031 0 P 0
L 1.4227003 0.6098258 1.4227003 0.6846298 0 P 0
L 1.4282983 0.6098258 1.4282983 0.6846298 0 P 0
L 1.4282983 0.6098258 1.4657003 0.6098258 0 P 0
L 1.4282983 0.6846298 1.4657003 0.6846298 0 P 0
L 1.4304173 1.1312913 1.4304173 1.3123937 0 P 0
L 1.4304173 1.1312913 1.5091575 1.1312913 0 P 0
L 1.4304173 1.3123937 1.5091575 1.3123937 0 P 0
L 1.4351883 0.6472278 1.4588103 0.6472278 0 P 0
L 1.4470003 0.6354178 1.4470003 0.6590398 0 P 0
L 1.4501024 1.2218425 1.4894724 1.2218425 1 P 0
L 1.4657003 0.6098258 1.4657003 0.6846298 0 P 0
L 1.4681733 0.7285749 1.4681733 0.7718819 0 P 0
L 1.4681733 0.7285749 1.4898269 0.7285749 0 P 0
L 1.4681733 0.7718819 1.4898269 0.7718819 0 P 0
L 1.4697874 1.2021574 1.4697874 1.2415275 1 P 0
L 1.4725041 0.7502284 1.4854962 0.7502284 0 P 0
L 1.4790001 0.7437323 1.4790001 0.7567244 0 P 0
L 1.4898269 0.7285749 1.4898269 0.7718819 0 P 0
L 1.5030001 0.6306064 1.5030001 0.6778505 0 P 0
L 1.5030001 0.6306064 1.6030001 0.6306064 0 P 0
L 1.5030001 0.6778505 1.6030001 0.6778505 0 P 0
L 1.5091575 1.1312913 1.5091575 1.3123937 0 P 0
L 1.5153466 0.6034016 1.5153466 0.6250552 0 P 0
L 1.5153466 0.6034016 1.5586536 0.6034016 0 P 0
L 1.5153466 0.6250552 1.5586536 0.6250552 0 P 0
L 1.5153466 0.6833859 1.5153466 0.7030709 0 P 0
L 1.5153466 0.6833859 1.5586536 0.6833859 0 P 0
L 1.5153466 0.7030709 1.5586536 0.7030709 0 P 0
L 1.5211733 0.7277639 1.5211733 0.7710709 0 P 0
L 1.5211733 0.7277639 1.5428269 0.7277639 0 P 0
L 1.5211733 0.7710709 1.5428269 0.7710709 0 P 0
L 1.5244724 1.1938504 1.5244724 1.3001496 0 P 0
L 1.5244724 1.1938504 1.5835275 1.1938504 0 P 0
L 1.5244724 1.3001496 1.5835275 1.3001496 0 P 0
L 1.525504 0.7494174 1.5384961 0.7494174 0 P 0
L 1.5301733 0.8275749 1.5301733 0.8708819 0 P 0
L 1.5301733 0.8275749 1.5518269 0.8275749 0 P 0
L 1.5301733 0.8708819 1.5518269 0.8708819 0 P 0
L 1.530504 0.6142284 1.5434961 0.6142284 0 P 0
L 1.5305041 0.6932284 1.5434962 0.6932284 0 P 0
L 1.5320001 0.7429214 1.5320001 0.7559135 0 P 0
L 1.5333151 0.6542284 1.5726852 0.6542284 0 P 0
L 1.534504 0.8492284 1.5474961 0.8492284 0 P 0
L 1.5352992 1.247 1.5727007 1.247 1 P 0
L 1.5370001 0.6077323 1.5370001 0.6207244 0 P 0
L 1.5370001 0.6867323 1.5370001 0.6997245 0 P 0
L 1.5391733 0.5505749 1.5391733 0.5938819 0 P 0
L 1.5391733 0.5505749 1.5608269 0.5505749 0 P 0
L 1.5391733 0.5938819 1.5608269 0.5938819 0 P 0
L 1.5410001 0.8427324 1.5410001 0.8557245 0 P 0
L 1.5428269 0.7277639 1.5428269 0.7710709 0 P 0
L 1.543504 0.5722284 1.5564961 0.5722284 0 P 0
L 1.5500001 0.5657324 1.5500001 0.5787245 0 P 0
L 1.5518269 0.8275749 1.5518269 0.8708819 0 P 0
L 1.5530001 0.6345434 1.5530001 0.6739135 0 P 0
L 1.554 1.2282992 1.554 1.2657008 1 P 0
L 1.5586536 0.6034016 1.5586536 0.6250552 0 P 0
L 1.5586536 0.6833859 1.5586536 0.7030709 0 P 0
L 1.5608269 0.5505749 1.5608269 0.5938819 0 P 0
L 1.561008 0.7639843 1.561008 0.8584725 0 P 0
L 1.561008 0.7639843 1.6554962 0.7639843 0 P 0
L 1.561008 0.8584725 1.6554962 0.8584725 0 P 0
L 1.5835275 1.1938504 1.5835275 1.3001496 0 P 0
L 1.5932982 1.2095974 1.5932982 1.2844014 0 P 0
L 1.5932982 1.2095974 1.6307002 1.2095974 0 P 0
L 1.5932982 1.2844014 1.6307002 1.2844014 0 P 0
L 1.6001882 1.2469994 1.6238102 1.2469994 0 P 0
L 1.6003781 0.8112284 1.6161261 0.8112284 0 P 0
L 1.6030001 0.6306064 1.6030001 0.6778505 0 P 0
L 1.6082521 0.8033544 1.6082521 0.8191024 0 P 0
L 1.6120002 1.2351894 1.6120002 1.2588114 0 P 0
L 1.6307002 1.2095974 1.6307002 1.2844014 0 P 0
L 1.6362983 0.5403297 1.6362983 0.6151337 0 P 0
L 1.6362983 0.5403297 1.6737003 0.5403297 0 P 0
L 1.6362983 0.6151337 1.6737003 0.6151337 0 P 0
L 1.6382982 1.2095974 1.6382982 1.2844014 0 P 0
L 1.6382982 1.2095974 1.6757002 1.2095974 0 P 0
L 1.6382982 1.2844014 1.6757002 1.2844014 0 P 0
L 1.6431883 0.5777317 1.6668103 0.5777317 0 P 0
L 1.6451882 1.2469994 1.6688102 1.2469994 0 P 0
L 1.6550003 0.5659217 1.6550003 0.5895437 0 P 0
L 1.6554962 0.7639843 1.6554962 0.8584725 0 P 0
L 1.6570002 1.2351894 1.6570002 1.2588114 0 P 0
L 1.6722983 0.6588258 1.6722983 0.7336298 0 P 0
L 1.6722983 0.6588258 1.7097003 0.6588258 0 P 0
L 1.6722983 0.7336298 1.7097003 0.7336298 0 P 0
L 1.6737003 0.5403297 1.6737003 0.6151337 0 P 0
L 1.6757002 1.2095974 1.6757002 1.2844014 0 P 0
L 1.6781733 0.7433859 1.6781733 0.7866929 0 P 0
L 1.6781733 0.7433859 1.6998269 0.7433859 0 P 0
L 1.6781733 0.7866929 1.6998269 0.7866929 0 P 0
L 1.6791883 0.6962278 1.7028103 0.6962278 0 P 0
L 1.682504 0.7650394 1.6954961 0.7650394 0 P 0
L 1.6890001 0.7585434 1.6890001 0.7715355 0 P 0
L 1.6910003 0.6844178 1.6910003 0.7080398 0 P 0
L 1.6932983 1.0213297 1.6932983 1.0961337 0 P 0
L 1.6932983 1.0213297 1.7307003 1.0213297 0 P 0
L 1.6932983 1.0961337 1.7307003 1.0961337 0 P 0
L 1.6998269 0.7433859 1.6998269 0.7866929 0 P 0
L 1.7001883 1.0587317 1.7238103 1.0587317 0 P 0
L 1.7022983 0.5403297 1.7022983 0.6151337 0 P 0
L 1.7022983 0.5403297 1.7397003 0.5403297 0 P 0
L 1.7022983 0.6151337 1.7397003 0.6151337 0 P 0
L 1.7091883 0.5777317 1.7328103 0.5777317 0 P 0
L 1.7097003 0.6588258 1.7097003 0.7336298 0 P 0
L 1.7120003 1.0469217 1.7120003 1.0705437 0 P 0
L 1.7210003 0.5659217 1.7210003 0.5895437 0 P 0
L 1.7307003 1.0213297 1.7307003 1.0961337 0 P 0
L 1.7397003 0.5403297 1.7397003 0.6151337 0 P 0
L 1.7475119 0.9642441 1.7475119 1.1532205 0 P 0
L 1.7475119 0.9642441 1.9364883 0.9642441 0 P 0
L 1.7475119 1.1532205 1.9364883 1.1532205 0 P 0
L 1.7548505 0.6916064 1.7548505 0.7388504 0 P 0
L 1.7548505 0.6916064 1.8611497 0.6916064 0 P 0
L 1.7548505 0.7388504 1.8611497 0.7388504 0 P 0
L 1.7741732 0.5573465 1.7741732 0.6006535 0 P 0
L 1.7741732 0.5573465 1.7958268 0.5573465 0 P 0
L 1.7741732 0.6006535 1.7958268 0.6006535 0 P 0
L 1.7785039 0.579 1.791496 0.579 0 P 0
L 1.785 0.572504 1.785 0.5854961 0 P 0
L 1.7892993 0.7152284 1.8267009 0.7152284 0 P 0
L 1.7958268 0.5573465 1.7958268 0.6006535 0 P 0
L 1.8080001 0.6965276 1.8080001 0.7339292 0 P 0
L 1.8145975 1.1700321 1.8145975 1.2074341 0 P 0
L 1.8145975 1.1700321 1.8894015 1.1700321 0 P 0
L 1.8145975 1.2074341 1.8894015 1.2074341 0 P 0
L 1.8223151 1.0587323 1.8616851 1.0587323 0 P 0
L 1.8401895 1.1887321 1.8638115 1.1887321 0 P 0
L 1.8420001 1.0390473 1.8420001 1.0784173 0 P 0
L 1.8519995 1.1769221 1.8519995 1.2005441 0 P 0
L 1.8611497 0.6916064 1.8611497 0.7388504 0 P 0
L 1.8692983 0.6598258 1.8692983 0.7346298 0 P 0
L 1.8692983 0.6598258 1.9067003 0.6598258 0 P 0
L 1.8692983 0.7346298 1.9067003 0.7346298 0 P 0
L 1.8761883 0.6972278 1.8998103 0.6972278 0 P 0
L 1.8880003 0.6854178 1.8880003 0.7090398 0 P 0
L 1.8894015 1.1700321 1.8894015 1.2074341 0 P 0
L 1.8971733 0.4408898 1.8971733 0.4841968 0 P 0
L 1.8971733 0.4408898 1.9188269 0.4408898 0 P 0
L 1.8971733 0.4841968 1.9188269 0.4841968 0 P 0
L 1.9015041 0.4625433 1.9144962 0.4625433 0 P 0
L 1.9067003 0.6598258 1.9067003 0.7346298 0 P 0
L 1.9080001 0.4560472 1.9080001 0.4690393 0 P 0
L 1.9177556 1.3620548 1.9177565 1.2439446 0 P 0
L 1.9177556 1.3620548 2.0122437 1.3620559 0 P 0
L 1.9177556 1.5920548 1.9177565 1.4739446 0 P 0
L 1.9177556 1.5920548 2.0122437 1.5920559 0 P 0
L 1.9177565 1.2439446 2.0122446 1.2439457 0 P 0
L 1.9177565 1.4739446 2.0122446 1.4739457 0 P 0
L 1.9188269 0.4408898 1.9188269 0.4841968 0 P 0
L 1.920756 0.5036457 1.920756 0.6178189 0 P 0
L 1.920756 0.5036457 2.0152441 0.5036457 0 P 0
L 1.920756 0.6178189 2.0152441 0.6178189 0 P 0
L 1.9364883 0.9642441 1.9364883 1.1532205 0 P 0
L 1.9379201 0.4149843 1.9379201 0.4858503 0 P 0
L 1.9379201 0.4149843 2.0233541 0.4149843 0 P 0
L 1.9379201 0.4858503 2.0233541 0.4858503 0 P 0
L 1.9453149 1.303 1.9846855 1.3030004 0 P 0
L 1.9453149 1.533 1.9846855 1.5330004 0 P 0
L 1.948315 0.5607323 1.9876851 0.5607323 0 P 0
L 1.9488505 0.8051103 1.9488505 0.8523543 0 P 0
L 1.9488505 0.8051103 2.0551497 0.8051103 0 P 0
L 1.9488505 0.8523543 2.0551497 0.8523543 0 P 0
L 1.9488505 0.8601103 1.9488505 0.9073543 0 P 0
L 1.9488505 0.8601103 2.0551497 0.8601103 0 P 0
L 1.9488505 0.9073543 2.0551497 0.9073543 0 P 0
L 1.9563466 0.3799055 1.9563466 0.4015591 0 P 0
L 1.9563466 0.3799055 1.9996536 0.3799055 0 P 0
L 1.9563466 0.4015591 1.9996536 0.4015591 0 P 0
L 1.9582999 1.0713309 1.9582999 1.1461349 0 P 0
L 1.9582999 1.0713309 1.9957019 1.0713309 0 P 0
L 1.9582999 1.1461349 1.9957019 1.1461349 0 P 0
L 1.9609521 0.4504163 2.0003221 0.4504163 0 P 0
L 1.9645987 0.9500305 1.9645987 0.9874325 0 P 0
L 1.9645987 0.9500305 2.0394027 0.9500305 0 P 0
L 1.9645987 0.9874325 2.0394027 0.9874325 0 P 0
L 1.9649998 1.3226856 1.9650004 1.2833149 0 P 0
L 1.9649998 1.5526856 1.9650004 1.5133149 0 P 0
L 1.9651899 1.1087329 1.9888119 1.1087329 0 P 0
L 1.9680001 0.5410473 1.9680001 0.5804174 0 P 0
L 1.971504 0.3907323 1.9844961 0.3907323 0 P 0
L 1.9769999 1.0969209 1.9769999 1.1205429 0 P 0
L 1.9780001 0.3842362 1.9780001 0.3972283 0 P 0
L 1.9806361 0.4307323 1.9806361 0.4701023 0 P 0
L 1.9832993 0.8287323 2.0207009 0.8287323 0 P 0
L 1.9832993 0.8837323 2.0207009 0.8837323 0 P 0
L 1.9901887 0.9687325 2.0138107 0.9687325 0 P 0
L 1.9957019 1.0713309 1.9957019 1.1461349 0 P 0
L 1.9996536 0.3799055 1.9996536 0.4015591 0 P 0
L 2.0020001 0.8100315 2.0020001 0.8474331 0 P 0
L 2.0020001 0.8650315 2.0020001 0.9024331 0 P 0
L 2.0020007 0.9569205 2.0020007 0.9805425 0 P 0
L 2.0082999 1.0713309 2.0082999 1.1461349 0 P 0
L 2.0082999 1.0713309 2.0457019 1.0713309 0 P 0
L 2.0082999 1.1461349 2.0457019 1.1461349 0 P 0
L 2.0122437 1.3620559 2.0122446 1.2439457 0 P 0
L 2.0122437 1.5920559 2.0122446 1.4739457 0 P 0
L 2.0151899 1.1087329 2.0388119 1.1087329 0 P 0
L 2.0152441 0.5036457 2.0152441 0.6178189 0 P 0
L 2.0233541 0.4149843 2.0233541 0.4858503 0 P 0
L 2.0269999 1.0969209 2.0269999 1.1205429 0 P 0
L 2.0321733 0.4858898 2.0321733 0.5291968 0 P 0
L 2.0321733 0.4858898 2.0538269 0.4858898 0 P 0
L 2.0321733 0.5291968 2.0538269 0.5291968 0 P 0
L 2.0365041 0.5075433 2.0494962 0.5075433 0 P 0
L 2.0394027 0.9500305 2.0394027 0.9874325 0 P 0
L 2.0430001 0.5010472 2.0430001 0.5140393 0 P 0
L 2.0457019 1.0713309 2.0457019 1.1461349 0 P 0
L 2.0538269 0.4858898 2.0538269 0.5291968 0 P 0
L 2.0551497 0.8051103 2.0551497 0.8523543 0 P 0
L 2.0551497 0.8601103 2.0551497 0.9073543 0 P 0
L 2.0663466 0.4158898 2.0663466 0.4355748 0 P 0
L 2.0663466 0.4158898 2.1096536 0.4158898 0 P 0
L 2.0663466 0.4355748 2.1096536 0.4355748 0 P 0
L 2.0663466 0.4449055 2.0663466 0.4665591 0 P 0
L 2.0663466 0.4449055 2.1096536 0.4449055 0 P 0
L 2.0663466 0.4665591 2.1096536 0.4665591 0 P 0
L 2.071567 1.0710158 2.071567 1.1064489 0 P 0
L 2.071567 1.0710158 2.1424332 1.0710158 0 P 0
L 2.071567 1.1064489 2.1424332 1.1064489 0 P 0
L 2.0815041 0.4257323 2.0944962 0.4257323 0 P 0
L 2.0815041 0.4557323 2.0944962 0.4557323 0 P 0
L 2.0880001 0.4192362 2.0880001 0.4322284 0 P 0
L 2.0880001 0.4492363 2.0880001 0.4622284 0 P 0
L 2.0904056 0.7197558 2.0904056 1.0977087 0 P 0
L 2.0904056 0.7197756 2.3492245 0.719756 0 P 0
L 2.0904056 1.0977087 2.3492245 1.0977087 0 P 0
L 2.0951891 1.0887323 2.1188111 1.0887323 0 P 0
L 2.1070001 1.0769213 2.1070001 1.1005433 0 P 0
L 2.1096536 0.4158898 2.1096536 0.4355748 0 P 0
L 2.1096536 0.4449055 2.1096536 0.4665591 0 P 0
L 2.1177556 1.5930548 2.1177565 1.4749446 0 P 0
L 2.1177556 1.5930548 2.2122437 1.5930559 0 P 0
L 2.1177565 1.4749446 2.2122446 1.4749457 0 P 0
L 2.1227556 1.3620548 2.1227565 1.2439446 0 P 0
L 2.1227556 1.3620548 2.2172437 1.3620559 0 P 0
L 2.1227565 1.2439446 2.2172446 1.2439457 0 P 0
L 2.1330001 0.3457323 2.1330001 0.5357323 0 P 0
L 2.1330001 0.3457323 2.2630001 0.3457323 0 P 0
L 2.1330001 0.5357323 2.2630001 0.5357323 0 P 0
L 2.1424332 1.0710158 2.1424332 1.1064489 0 P 0
L 2.1453149 1.534 2.1846855 1.5340004 0 P 0
L 2.1503149 1.303 2.1896855 1.3030004 0 P 0
L 2.1649998 1.5536856 2.1650004 1.5143149 0 P 0
L 2.1699998 1.3226856 2.1700004 1.2833149 0 P 0
L 2.2122437 1.5930559 2.2122446 1.4749457 0 P 0
L 2.2172437 1.3620559 2.2172446 1.2439457 0 P 0
L 2.2223151 0.9087322 2.2616851 0.9087324 1 P 0
L 2.242 0.9284173 2.2420002 0.8890473 1 P 0
L 2.2630001 0.3457323 2.2630001 0.5357323 0 P 0
L 2.2941458 0.7087323 2.2941458 1.1087322 1 P 0
L 2.3492245 0.7197559 2.3492245 1.0977087 0 P 0
